-90 23
-91 21
-88 20
-86 17
-85 16
-87 17
-85 16
-84 19
-84 18
-85 17
-87 20
-90 18
-88 19
-88 19
-91 19
-88 19
-90 18
-87 17
-85 17
-88 20
-89 22
-86 23
-89 23
-91 22
-91 25
-91 26
-88 23
-90 24
-93 27
-90 28
-88 27
-86 25
-85 25
-82 27
-81 24
-82 25
-80 25
-77 25
-80 28
-80 30
-77 32
-77 35
-77 36
-74 39
-71 38
-74 39
-74 37
-74 39
-74 36
-74 35
-71 33
-70 30
-68 32
-65 33
-65 36
-65 38
-67 36
-64 36
-64 33
-62 33
-59 33
-59 33
-57 33
-60 35
-63 32
-60 35
-59 33
-57 31
-56 32
-54 33
-57 36
-59 37
-59 35
-57 35
-54 34
-52 37
-54 40
-57 41
-57 38
-54 41
-53 44
-53 44
-56 47
-55 48
-54 49
-52 49
-49 49
-47 47
-49 50
-49 48
-52 48
-52 48
-51 51
-51 50
-50 48
-52 48
-55 48
-53 48
-53 47
-51 49
-54 50
-51 51
-53 49
-56 50
-56 50
-59 52
-61 52
-58 51
-58 51
-55 54
-53 56
-51 59
-50 57
-48 55
-48 58
-48 56
-46 54
-49 53
-49 53
-47 53
-48 55
-51 53
-51 53
-51 53
-49 52
-46 52
-44 55
-47 55
-49 55
-52 52
-53 53
-53 53
-53 53
-56 56
-59 53
-61 52
-59 51
-57 51
-55 52
-52 51
-52 54
-52 54
-50 54
-52 53
-55 56
-57 58
-56 59
-58 58
-60 56
-58 56
-59 58
-59 58
-56 58
-54 59
-54 56
-57 58
-56 57
-56 59
-58 57
-55 57
-52 60
-49 60
-49 59
-50 59
-47 60
-45 60
-43 58
-40 56
-43 56
-46 56
-44 57
-45 58
-42 58
-41 55
-42 55
-41 54
-38 57
-39 58
-39 59
-37 61
-37 61
-37 63
-34 60
-33 57
-30 56
-28 58
-31 58
-30 56
-27 56
-30 53
-30 50
-31 51
-28 51
-27 51
-30 53
-30 56
-31 56
-28 53
-28 53
-31 56
-28 58
-31 60
-34 60
-36 62
-36 62
-36 63
-39 66
-42 66
-40 68
-43 70
-42 70
-42 67
-41 66
-41 64
-40 66
-40 65
-42 65
-41 64
-41 64
-40 65
-40 66
-39 64
-38 61
-40 62
-39 62
-37 64
-34 67
-32 66
-31 68
-34 68
-33 69
-35 71
-34 73
-36 76
-36 75
-38 73
-41 70
-42 69
-45 69
-48 70
-48 72
-45 73
-44 71
-45 72
-45 72
-42 73
-42 73
-44 72
-41 73
-44 73
-47 71
-47 69
-44 68
-42 71
-42 69
-44 69
-42 67
-44 70
-46 69
-48 68
-51 66
-50 66
-50 66
-47 63
-48 64
-46 67
-44 67
-47 66
-49 66
-48 66
-46 66
-44 65
-44 63
-46 60
-49 62
-49 65
-51 66
-51 68
-54 67
-52 64
-49 63
-46 63
-47 60
-48 62
-48 59
-49 62
-51 59
-51 60
-52 62
-49 60
-49 63
-50 66
-50 65
-52 62
-53 60
-50 57
-50 59
-48 58
-48 60
-48 62
-50 59
-53 58
-56 60
-59 60
-57 60
-54 60
-54 60
-56 58
-54 56
-54 54
-51 51
-52 51
-51 51
-49 51
-51 49
-51 49
-51 49
-53 47
-56 45
-56 44
-53 42
-53 42
-53 39
-55 39
-55 42
-56 42
-57 40
-56 39
-55 41
-55 42
-55 40
-52 42
-51 41
-51 42
-53 45
-50 44
-53 44
-51 41
-51 42
-54 43
-53 43
-56 42
-54 41
-56 41
-57 42
-54 41
-53 41
-50 42
-52 45
-54 48
-55 48
-58 45
-55 48
-52 48
-55 47
-57 47
-59 44
-61 44
-64 44
-63 42
-62 42
-62 42
-64 41
-64 41
-67 39
-64 36
-64 34
-63 34
-66 31
-66 31
-68 32
-70 31
-68 29
-68 27
-68 28
-70 26
-70 26
-67 27
-69 27
-66 26
-69 25
-68 22
-71 22
-71 22
-73 25
-73 22
-73 24
-73 26
-71 27
-69 29
-69 27
-69 28
-66 29
-69 31
-72 34
-72 34
-75 33
-76 33
-77 33
-78 35
-77 35
-76 34
-78 31
-81 30
-83 29
-86 28
-86 25
-86 28
-88 30
-87 30
-89 32
-87 35
-84 33
-86 32
-83 35
-83 32
-80 30
-80 31
-80 30
-79 28
-78 30
-79 27
-79 28
-81 31
-81 31
-80 30
-82 33
-84 36
-86 33
-85 30
-85 30
-84 32
-85 32
-85 29
-86 26
-83 28
-83 31
-82 34
-79 34
-80 36
-78 39
-80 38
-81 35
-81 32
-82 32
-83 33
-84 32
-81 31
-84 28
-82 28
-84 31
-84 32
-87 33
-89 35
-87 38
-85 35
-85 37
-84 37
-84 36
-81 37
-84 34
-84 33
-82 36
-84 35
-84 38
-86 38
-84 36
-82 33
-81 33
-80 36
-80 39
-80 42
-79 40
-78 41
-76 44
-76 46
-75 48
-78 48
-80 49
-80 48
-81 51
-84 48
-82 51
-83 48
-80 51
-78 54
-76 54
-76 52
-77 50
-80 49
-80 47
-78 46
-75 45
-76 44
-74 44
-76 41
-78 38
-76 38
-78 38
-75 39
-76 42
-76 40
-76 41
-78 44
-76 41
-73 44
-74 43
-71 40
-71 39
-71 37
-70 34
-67 37
-69 36
-71 39
-73 41
-75 38
-77 38
-77 38
-76 35
-77 38
-79 39
-79 39
-76 40
-76 40
-75 38
-74 38
-74 38
-73 41
-71 44
-71 46
-72 46
-74 49
-76 50
-74 50
-76 51
-78 53
-79 56
-82 56
-85 58
-85 61
-87 61
-90 59
-87 59
-86 58
-85 59
-85 56
-88 59
-88 60
-91 57
-90 59
-93 59
-92 62
-91 60
-94 58
-94 55
-93 56
-91 54
-94 52
-93 50
-95 51
-95 52
-96 54
-97 57
-97 55
-100 54
-99 51
-96 51
-95 54
-95 56
-97 53
-97 52
-100 51
-100 52
-100 52
-97 52
-96 52
-93 53
-93 52
-96 49
-98 47
-96 47
-96 44
-99 43
-100 44
-98 42
-99 39
-99 39
-100 39
-100 39
-100 38
-99 36
-100 38
-100 39
-100 40
-99 40
-100 40
-99 40
-99 38
-97 40
-95 38
-95 35
-98 36
-95 39
-96 41
-96 41
-96 42
-94 44
-94 46
-91 44
-94 45
-92 44
-93 46
-93 46
-92 43
-93 46
-96 48
-94 48
-92 46
-90 49
-91 46
-88 46
-85 46
-82 48
-82 49
-83 49
-86 52
-89 55
-89 54
-92 53
-91 56
-91 55
-89 55
-86 53
-84 54
-83 51
-85 49
-86 47
-83 46
-80 48
-78 51
-76 49
-76 49
-73 47
-73 47
-72 50
-74 49
-76 49
-78 48
-78 47
-77 44
-74 44
-73 41
-76 41
-77 41
-77 44
-78 41
-81 40
-81 37
-84 36
-83 36
-86 35
-86 37
-86 37
-86 36
-87 36
-88 36
-89 38
-88 41
-88 39
-88 36
-91 37
-93 39
-96 40
-96 41
-93 40
-93 40
-93 37
-93 35
-91 35
-91 32
-92 32
-90 29
-88 29
-91 31
-92 30
-91 30
-88 30
-88 30
-91 31
-88 29
-90 27
-91 29
-92 32
-94 32
-91 31
-90 31
-89 32
-90 31
-87 28
-90 28
-88 29
-91 32
-89 35
-89 35
-86 33
-89 34
-88 37
-88 40
-89 43
-88 44
-88 42
-88 45
-89 43
-87 41
-87 43
-87 43
-84 42
-84 41
-84 39
-82 42
-80 42
-80 39
-77 40
-77 38
-75 38
-77 38
-77 38
-77 36
-77 36
-78 37
-78 39
-81 42
-84 44
-85 46
-83 43
-82 43
-81 45
-84 42
-86 39
-85 39
-84 40
-85 37
-85 40
-82 42
-84 44
-83 42
-83 45
-80 45
-82 45
-83 47
-83 47
-81 47
-81 47
-81 45
-84 43
-85 44
-86 41
-85 38
-85 40
-83 38
-82 39
-80 42
-80 41
-81 41
-79 39
-77 39
-79 40
-79 37
-81 37
-78 37
-79 39
-77 39
-77 38
-80 41
-83 43
-83 43
-80 42
-82 40
-85 37
-86 34
-86 33
-85 33
-82 36
-82 36
-82 36
-85 36
-87 38
-87 40
-90 40
-93 39
-95 37
-92 37
-92 36
-94 36
-92 37
-90 37
-87 37
-88 37
-88 35
-90 35
-89 35
-89 38
-91 41
-91 44
-92 44
-92 45
-92 48
-95 45
-97 47
-98 47
-98 47
-97 47
-98 47
-100 49
-100 48
-100 46
-98 44
-98 43
-100 44
-98 42
-100 41
-100 42
-97 43
-96 42
-94 42
-95 39
-93 39
-95 37
-92 38
-94 40
-94 42
-91 42
-94 42
-95 41
-98 38
-97 38
-98 36
-100 38
-100 41
-99 39
-96 37
-99 37
-99 38
-99 41
-99 39
-99 38
-99 40
-100 37
-97 39
-100 39
-100 37
-97 37
-95 34
-96 37
-94 35
-97 36
-94 37
-96 37
-97 39
-97 42
-98 42
-100 39
-100 36
-99 34
-100 35
-100 37
-99 38
-98 41
-95 39
-95 41
-98 39
-96 37
-93 37
-96 40
-98 40
-100 39
-100 42
-97 42
-99 41
-100 38
-97 37
-96 39
-96 40
-95 39
-98 39
-100 39
-97 41
-99 38
-97 38
-99 37
-96 35
-97 33
-95 31
-94 34
-94 34
-91 32
-93 33
-92 33
-94 31
-91 32
-88 32
-87 32
-87 29
-88 31
-89 32
-87 31
-84 30
-85 28
-83 26
-84 26
-86 23
-86 24
-87 26
-89 28
-89 25
-92 25
-95 25
-94 28
-94 28
-93 31
-93 29
-93 32
-90 33
-90 33
-88 31
-90 32
-90 29
-93 27
-90 27
-91 25
-93 24
-93 22
-91 21
-94 22
-97 25
-99 25
-97 25
-97 26
-95 25
-95 26
-94 26
-93 26
-94 29
-91 30
-90 32
-89 32
-86 32
-83 34
-84 36
-81 35
-79 36
-81 38
-81 35
-80 36
-79 38
-80 37
-80 38
-81 37
-83 37
-82 34
-79 35
-82 33
-82 36
-79 37
-79 37
-79 37
-78 38
-80 38
-81 40
-81 37
-81 40
-80 43
-82 43
-82 44
-79 46
-78 46
-78 47
-75 46
-76 49
-77 47
-75 50
-72 48
-72 49
-73 49
-70 51
-70 51
-72 53
-74 56
-74 59
-77 59
-80 59
-78 56
-77 55
-77 55
-78 52
-77 50
-77 52
-77 50
-75 51
-76 48
-79 50
-77 50
-77 50
-77 47
-75 49
-76 51
-73 48
-72 47
-70 48
-73 49
-72 49
-74 50
-75 48
-77 48
-74 46
-77 46
-77 49
-79 47
-81 47
-81 46
-84 44
-84 46
-82 43
-80 45
-78 42
-75 41
-75 43
-76 41
-78 44
-76 42
-77 42
-79 42
-79 43
-82 43
-85 43
-83 42
-83 39
-82 39
-84 36
-84 37
-82 36
-81 33
-78 33
-76 35
-79 35
-79 37
-80 40
-77 42
-80 39
-78 42
-78 42
-77 43
-77 44
-80 46
-80 46
-83 43
-84 46
-83 46
-81 49
-81 50
-84 52
-81 52
-79 50
-78 50
-81 48
-78 49
-78 47
-80 50
-79 53
-82 55
-79 56
-80 56
-80 59
-82 59
-82 62
-82 60
-85 60
-82 62
-80 60
-82 60
-83 58
-82 60
-82 60
-83 57
-83 55
-83 55
-82 52
-82 55
-79 58
-80 60
-82 63
-83 61
-86 58
-84 60
-86 58
-89 56
-89 58
-89 60
-89 62
-90 64
-90 63
-90 64
-88 66
-89 67
-90 64
-88 61
-91 61
-91 61
-89 58
-87 58
-86 55
-83 52
-81 49
-79 49
-82 50
-85 50
-82 49
-82 48
-79 49
-76 50
-73 50
-73 48
-73 50
-74 51
-73 48
-70 49
-70 50
-70 53
-70 53
-69 54
-71 55
-73 55
-74 56
-71 56
-71 55
-74 55
-74 53
-74 53
-73 53
-76 52
-76 52
-73 51
-70 48
-73 49
-74 47
-76 47
-77 48
-77 45
-77 48
-74 49
-73 47
-73 49
-75 49
-76 48
-78 46
-81 49
-79 48
-79 51
-78 53
-75 51
-77 52
-77 54
-80 52
-82 51
-84 51
-85 52
-86 55
-89 53
-87 50
-88 50
-86 48
-87 48
-90 48
-92 48
-95 47
-96 45
-93 45
-93 48
-94 48
-91 49
-94 52
-94 55
-95 56
-95 57
-92 54
-91 52
-92 50
-92 50
-91 48
-89 48
-90 47
-91 47
-88 47
-89 49
-91 47
-90 47
-90 49
-89 49
-89 46
-87 44
-90 41
-90 44
-90 42
-89 44
-91 42
-91 44
-89 46
-87 45
-90 46
-90 46
-93 47
-93 46
-94 44
-97 41
-94 43
-91 46
-94 46
-94 44
-97 41
-100 44
-98 46
-95 43
-92 46
-91 46
-89 48
-90 49
-90 50
-89 52
-88 54
-88 56
-90 54
-90 55
-92 57
-93 57
-95 58
-92 56
-90 59
-90 56
-87 55
-86 53
-87 53
-87 53
-87 54
-87 54
-86 51
-87 49
-87 51
-84 54
-85 54
-85 54
-85 54
-86 54
-88 54
-85 55
-82 55
-79 58
-79 56
-79 58
-79 60
-80 58
-81 59
-82 57
-84 60
-84 63
-87 61
-88 61
-86 64
-86 65
-88 63
-85 64
-82 67
-79 65
-82 64
-83 62
-83 65
-86 63
-86 66
-84 66
-87 67
-84 66
-86 68
-86 69
-83 71
-84 71
-85 71
-86 70
-88 67
-88 67
-87 66
-86 67
-83 66
-80 66
-77 68
-76 69
-76 72
-79 69
-76 71
-76 69
-76 66
-76 68
-76 65
-77 68
-78 68
-81 67
-79 68
-77 71
-79 71
-79 73
-81 74
-82 74
-81 76
-82 79
-81 81
-79 80
-78 80
-78 83
-80 86
-82 86
-82 87
-82 87
-85 85
-85 88
-85 85
-88 86
-88 87
-91 85
-92 84
-92 85
-94 85
-93 87
-92 88
-90 86
-90 86
-91 83
-89 85
-87 83
-87 83
-87 85
-89 88
-89 88
-87 86
-89 88
-90 89
-89 87
-86 89
-84 91
-83 94
-84 94
-85 93
-86 92
-86 93
-88 95
-89 93
-91 93
-91 96
-89 97
-92 100
-92 100
-93 98
-93 96
-96 96
-96 95
-96 93
-98 93
-95 91
-98 90
-97 90
-94 91
-95 90
-94 90
-93 90
-91 91
-91 90
-93 93
-93 90
-93 90
-90 87
-89 84
-89 86
-90 89
-90 90
-93 90
-95 87
-97 84
-98 84
-96 82
-94 84
-91 81
-90 81
-87 81
-90 82
-92 81
-94 84
-97 81
-95 79
-96 78
-96 81
-96 83
-93 83
-90 80
-90 80
-89 80
-92 81
-94 81
-93 84
-92 81
-93 84
-92 83
-90 80
-92 78
-93 75
-90 76
-90 73
-87 75
-84 75
-85 77
-88 76
-89 76
-92 76
-95 76
-94 79
-95 78
-95 81
-92 84
-92 84
-89 81
-92 81
-89 81
-89 84
-86 83
-89 85
-88 85
-86 87
-89 84
-92 87
-93 89
-93 92
-95 91
-94 89
-95 89
-98 91
-96 94
-96 96
-96 94
-93 94
-94 91
-97 91
-94 91
-94 91
-91 91
-93 91
-92 94
-92 95
-91 95
-94 92
-96 92
-95 92
-97 90
-95 90
-98 92
-100 91
-99 94
-97 91
-99 94
-100 92
-100 92
-98 92
-95 90
-93 88
-95 89
-95 89
-95 87
-92 90
-92 93
-94 93
-91 94
-90 91
-92 93
-92 91
-95 90
-92 88
-89 90
-89 92
-91 92
-90 93
-90 91
-90 93
-87 90
-87 87
-87 90
-84 93
-85 91
-88 89
-87 89
-84 87
-85 88
-85 89
-88 92
-85 92
-82 93
-85 93
-85 93
-85 93
-84 91
-83 88
-82 87
-79 87
-78 85
-79 84
-81 84
-80 87
-81 84
-80 86
-81 83
-82 86
-84 85
-84 88
-85 86
-85 83
-85 83
-84 86
-84 84
-81 85
-83 86
-85 85
-85 82
-82 82
-85 83
-86 86
-85 88
-83 90
-81 87
-79 90
-79 88
-79 86
-79 87
-81 88
-81 90
-83 87
-82 85
-79 87
-79 87
-79 89
-77 90
-78 89
-76 92
-79 90
-76 87
-79 87
-78 86
-81 84
-83 84
-84 81
-86 81
-87 80
-88 82
-88 79
-86 79
-87 79
-84 82
-83 79
-84 77
-84 74
-87 76
-84 78
-87 76
-89 73
-91 71
-90 70
-92 69
-92 69
-92 69
-92 70
-91 73
-90 70
-88 70
-88 72
-90 71
-91 71
-91 71
-94 71
-97 69
-97 70
-94 67
-94 66
-91 67
-93 64
-90 62
-90 65
-92 65
-90 68
-92 68
-95 67
-95 65
-94 67
-92 66
-95 64
-96 64
-94 61
-92 63
-95 63
-93 60
-93 60
-92 59
-92 61
-92 61
-93 58
-93 55
-95 57
-95 58
-95 59
-92 59
-89 61
-89 59
-89 60
-92 63
-91 62
-88 62
-86 61
-86 61
-89 63
-89 61
-88 61
-88 61
-88 63
-89 66
-89 66
-88 68
-90 66
-91 67
-90 66
-89 66
-92 68
-93 71
-96 73
-95 74
-93 76
-91 79
-91 77
-90 80
-92 80
-92 80
-89 77
-89 75
-89 77
-86 77
-84 76
-85 79
-85 79
-86 80
-89 80
-86 79
-86 76
-85 79
-83 79
-86 81
-89 83
-88 86
-87 86
-86 85
-88 85
-85 84
-83 83
-86 83
-87 85
-90 87
-90 90
-87 93
-89 93
-91 91
-90 88
-90 85
-90 86
-87 84
-84 85
-84 82
-84 83
-85 82
-87 80
-85 79
-87 80
-85 78
-85 80
-85 80
-85 83
-85 86
-88 83
-86 81
-85 81
-88 79
-87 77
-87 80
-89 80
-89 77
-91 77
-94 77
-91 76
-93 76
-90 78
-93 75
-95 76
-95 74
-95 77
-96 76
-97 76
-97 75
-94 76
-96 78
-99 75
-98 75
-97 78
-98 77
-95 76
-94 76
-97 79
-97 81
-99 80
-100 80
-99 83
-100 82
-100 82
-100 79
-100 79
-98 76
-98 73
-98 73
-98 71
-99 72
-97 74
-98 77
-96 77
-99 79
-96 78
-95 79
-93 80
-92 81
-92 83
-92 83
-92 80
-95 83
-95 86
-95 84
-98 85
-95 85
-97 88
-95 87
-95 89
-98 87
-100 86
-100 85
-97 88
-95 85
-98 88
-100 91
-100 88
-98 90
-98 90
-100 93
-99 95
-97 96
-96 94
-98 92
-100 92
-100 92
-100 89
-99 86
-96 85
-96 85
-94 83
-91 82
-92 82
-94 79
-94 77
-93 79
-90 77
-87 79
-84 79
-82 78
-82 81
-82 82
-85 83
-84 83
-82 84
-79 81
-79 82
-79 83
-79 84
-79 81
-82 81
-80 81
-80 81
-81 81
-80 81
-79 79
-80 76
-81 76
-79 79
-82 82
-84 81
-85 80
-87 81
-87 81
-90 84
-90 82
-88 85
-89 84
-87 82
-89 81
-86 81
-87 84
-89 81
-86 83
-86 81
-89 80
-89 81
-89 79
-89 80
-90 78
-88 76
-90 79
-91 81
-92 81
-90 82
-93 83
-94 83
-97 85
-100 85
-97 87
-94 85
-94 87
-91 85
-91 84
-90 82
-87 80
-88 81
-87 84
-84 82
-87 84
-90 84
-87 84
-89 86
-91 83
-94 81
-95 79
-94 82
-91 83
-90 83
-87 80
-85 83
-82 82
-79 83
-78 81
-79 78
-82 75
-85 75
-85 74
-83 77
-86 77
-89 77
-90 74
-92 74
-89 77
-92 75
-94 78
-97 80
-96 77
-95 75
-92 78
-94 78
-94 76
-96 75
-98 74
-100 72
-100 74
-97 77
-99 77
-99 78
-100 81
-100 82
-100 84
-100 84
-100 87
-100 84
-97 86
-94 84
-97 84
-98 86
-95 83
-92 82
-94 82
-92 80
-92 83
-92 86
-93 88
-94 89
-97 89
-99 89
-100 91
-100 90
-99 89
-99 88
-100 88
-100 88
-99 88
-100 89
-100 89
-100 87
-100 87
-99 85
-100 85
-100 84
-100 84
-98 84
-98 87
-100 90
-100 88
-100 88
-99 91
-100 94
-100 94
-100 95
-97 98
-94 100
-97 100
-98 100
-97 99
-95 100
-97 100
-96 99
-96 96
-96 98
-95 97
-95 97
-94 98
-93 100
-92 100
-92 98
-92 98
-93 98
-95 98
-94 96
-93 96
-95 93
-97 94
-94 96
-92 98
-89 96
-92 96
-95 96
-97 97
-94 99
-94 96
-97 96
-100 96
-97 98
-94 97
-94 100
-97 100
-99 99
-96 100
-98 100
-100 100
-97 100
-100 100
-98 99
-97 99
-97 97
-97 100
-98 98
-95 100
-95 100
-93 100
-90 100
-87 98
-88 98
-85 98
-85 100
-82 100
-84 100
-83 100
-82 97
-84 95
-83 98
-85 97
-87 96
-88 96
-87 96
-90 96
-89 94
-89 94
-89 94
-86 93
-87 91
-89 89
-90 89
-90 91
-90 93
-90 95
-92 94
-94 93
-94 93
-93 93
-94 93
-93 91
-93 90
-90 88
-88 88
-86 89
-84 88
-82 85
-85 83
-84 86
-86 86
-86 85
-84 88
-87 87
-88 88
-90 86
-91 86
-91 84
-93 84
-93 82
-93 82
-91 82
-94 80
-94 82
-93 81
-96 79
-99 79
-98 81
-100 83
-100 80
-100 79
-100 82
-100 83
-98 83
-95 83
-97 84
-99 85
-99 86
-96 83
-96 82
-98 81
-95 81
-94 81
-94 83
-93 85
-96 85
-97 88
-96 85
-95 82
-95 80
-95 79
-93 77
-96 74
-93 75
-96 74
-95 72
-95 73
-96 72
-98 73
-99 74
-99 76
-100 79
-99 80
-96 79
-96 78
-97 80
-96 82
-96 84
-96 82
-96 82
-99 85
-99 87
-99 86
-99 86
-97 83
-100 85
-100 82
-99 81
-98 78
-100 80
-98 80
-95 80
-94 80
-97 79
-96 80
-99 81
-97 79
-96 79
-95 82
-94 84
-96 83
-99 85
-98 85
-96 84
-96 81
-97 79
-97 79
-94 78
-93 80
-93 82
-94 83
-97 84
-96 85
-93 86
-94 86
-94 84
-92 87
-93 86
-90 88
-91 88
-89 86
-89 86
-91 86
-91 85
-92 86
-94 88
-95 89
-94 86
-94 84
-91 84
-90 81
-90 83
-89 86
-89 88
-88 87
-86 89
-85 92
-85 93
-85 94
-88 94
-88 95
-90 95
-90 97
-90 97
-88 95
-88 92
-88 90
-90 93
-90 96
-91 94
-89 94
-89 97
-92 97
-90 96
-89 94
-89 95
-86 94
-86 92
-89 89
-88 89
-85 89
-82 92
-85 90
-87 90
-90 87
-93 87
-90 87
-90 89
-90 91
-88 88
-86 88
-88 88
-87 86
-84 85
-86 87
-86 90
-85 92
-85 89
-87 87
-84 84
-83 83
-80 84
-77 85
-78 88
-77 88
-77 85
-79 88
-77 91
-80 94
-80 94
-80 93
-80 90
-78 89
-80 90
-80 93
-79 93
-76 91
-75 92
-75 90
-75 87
-77 90
-80 93
-78 96
-78 96
-77 94
-79 93
-81 93
-79 90
-81 90
-79 91
-81 90
-79 91
-78 90
-78 93
-81 93
-80 95
-83 98
-80 97
-82 99
-85 96
-87 96
-85 96
-85 96
-87 95
-90 95
-93 96
-96 99
-96 100
-94 100
-93 100
-90 100
-90 100
-87 100
-85 100
-84 100
-84 100
-81 100
-81 100
-82 99
-85 100
-82 100
-85 100
-85 98
-82 97
-85 97
-85 97
-87 96
-87 96
-85 96
-87 95
-87 95
-85 97
-85 97
-85 97
-84 95
-86 97
-88 95
-85 98
-84 96
-83 97
-86 97
-86 99
-86 100
-87 100
-85 99
-88 100
-90 98
-92 96
-92 96
-93 99
-91 99
-93 99
-92 100
-90 98
-89 96
-92 96
-95 97
-97 94
-99 93
-100 93
-99 93
-96 96
-97 97
-97 97
-97 99
-94 100
-92 100
-92 100
-92 100
-94 100
-95 98
-95 97
-92 94
-91 92
-91 90
-92 90
-89 92
-92 94
-90 94
-93 94
-90 94
-87 96
-89 94
-89 94
-87 95
-84 94
-85 94
-87 93
-89 92
-87 92
-89 89
-89 86
-90 84
-92 84
-92 81
-92 81
-89 79
-90 78
-91 80
-92 78
-92 79
-89 79
-89 81
-91 81
-90 81
-91 82
-88 80
-88 80
-91 78
-89 78
-88 78
-91 79
-90 80
-91 83
-91 81
-91 79
-93 78
-93 79
-96 78
-93 79
-96 76
-97 76
-97 76
-95 76
-96 74
-96 71
-95 72
-98 74
-98 73
-96 73
-94 73
-93 72
-96 74
-98 75
-97 75
-95 76
-93 73
-96 71
-96 71
-95 74
-93 74
-90 75
-88 73
-89 72
-87 71
-86 68
-87 67
-90 64
-90 61
-92 61
-89 61
-92 58
-95 58
-98 61
-98 61
-100 61
-100 60
-100 61
-98 61
-98 58
-95 56
-94 55
-96 55
-99 55
-99 57
-99 59
-100 59
-100 59
-99 58
-99 60
-99 61
-98 58
-95 58
-92 58
-93 61
-92 64
-92 64
-89 62
-89 59
-89 62
-88 62
-88 60
-86 59
-87 59
-85 62
-88 62
-91 64
-92 62
-94 65
-91 64
-91 61
-91 64
-92 62
-95 61
-96 63
-99 62
-99 62
-98 61
-95 58
-97 55
-99 53
-100 53
-100 53
-97 50
-95 47
-94 46
-91 49
-91 49
-89 48
-89 50
-90 52
-90 51
-90 51
-87 49
-87 48
-88 48
-91 47
-90 44
-90 42
-93 39
-94 42
-94 42
-95 45
-93 45
-95 46
-92 49
-90 52
-88 52
-91 53
-91 55
-91 56
-89 53
-92 52
-91 51
-89 50
-89 51
-89 51
-90 50
-87 49
-89 46
-88 45
-85 43
-87 42
-89 43
-90 41
-91 42
-91 42
-90 43
-92 42
-94 41
-94 42
-91 40
-89 38
-89 39
-90 36
-93 35
-94 37
-95 34
-96 37
-96 39
-96 39
-95 37
-92 37
-93 39
-94 37
-93 37
-94 39
-97 40
-96 40
-96 40
-94 41
-92 42
-92 45
-91 45
-91 47
-88 47
-87 45
-89 43
-87 42
-89 40
-89 40
-91 42
-89 39
-90 42
-88 39
-86 40
-89 40
-91 40
-93 41
-96 44
-93 45
-93 43
-96 45
-95 46
-94 43
-93 43
-91 41
-91 39
-94 39
-95 39
-95 41
-97 42
-97 42
-97 41
-98 41
-96 41
-94 42
-91 44
-91 43
-92 45
-95 44
-97 45
-96 46
-96 47
-93 50
-95 50
-95 47
-92 50
-92 51
-92 50
-90 53
-92 53
-92 51
-89 50
-90 48
-87 46
-88 46
-87 46
-89 45
-88 43
-91 45
-92 43
-91 40
-89 41
-89 39
-88 39
-88 42
-88 39
-89 42
-89 44
-88 41
-85 41
-82 38
-83 36
-80 35
-80 33
-78 34
-79 36
-78 35
-80 35
-77 35
-77 34
-76 34
-76 34
-79 33
-79 35
-78 36
-78 37
-78 40
-75 37
-75 35
-76 34
-78 35
-75 36
-74 39
-75 42
-73 44
-72 45
-70 46
-68 46
-71 49
-72 50
-73 53
-76 52
-75 52
-73 54
-74 54
-77 52
-77 54
-74 51
-74 52
-74 52
-73 53
-70 53
-68 56
-69 59
-69 61
-72 63
-72 61
-72 58
-73 59
-76 59
-77 57
-80 55
-83 55
-84 55
-87 56
-85 59
-82 59
-85 58
-83 57
-85 57
-85 59
-82 61
-85 62
-87 62
-86 59
-88 59
-87 59
-88 60
-87 62
-87 65
-85 65
-84 64
-83 63
-83 62
-81 62
-81 62
-81 64
-82 64
-81 62
-83 62
-84 61
-86 64
-86 64
-86 62
-84 62
-84 63
-84 64
-83 62
-81 63
-84 66
-85 66
-85 63
-82 66
-81 65
-78 63
-81 65
-81 66
-81 67
-84 67
-85 69
-82 69
-85 70
-83 68
-80 70
-83 67
-83 67
-83 67
-81 67
-79 68
-81 69
-80 69
-82 67
-79 67
-82 66
-80 66
-83 66
-83 69
-81 69
-81 69
-84 69
-84 70
-86 70
-84 71
-83 71
-84 68
-84 71
-87 69
-90 71
-88 70
-88 70
-88 69
-85 68
-86 68
-86 70
-87 68
-88 69
-88 69
-90 71
-90 73
-88 71
-85 73
-86 73
-86 72
-85 72
-85 74
-88 72
-86 69
-85 68
-86 69
-89 67
-87 66
-87 66
-87 63
-90 60
-88 60
-88 63
-89 65
-86 65
-86 65
-87 64
-85 67
-82 69
-82 67
-82 64
-83 61
-83 62
-85 63
-86 65
-86 62
-83 59
-86 56
-86 53
-89 51
-87 49
-87 49
-90 49
-87 47
-86 48
-85 49
-84 49
-84 48
-82 45
-84 46
-87 43
-90 43
-93 44
-93 47
-95 46
-95 44
-95 47
-95 47
-93 45
-93 44
-94 41
-93 42
-93 42
-96 42
-98 39
-100 37
-97 39
-99 40
-100 38
-100 41
-98 39
-99 39
-100 41
-100 39
-100 37
-100 37
-98 40
-100 39
-100 37
-98 37
-98 39
-99 36
-99 36
-98 33
-96 32
-97 35
-100 34
-99 32
-100 32
-100 29
-100 31
-100 31
-100 32
-100 34
-100 37
-100 37
-100 40
-100 42
-100 42
-97 43
-97 40
-96 41
-95 38
-96 38
-97 39
-95 37
-94 34
-93 35
-91 32
-89 32
-88 34
-86 35
-86 38
-89 38
-88 35
-89 35
-86 35
-86 32
-87 32
-88 32
-89 32
-89 31
-92 31
-93 29
-93 26
-92 24
-90 24
-93 27
-96 25
-97 25
-100 24
-100 24
-100 21
-97 20
-100 23
-100 26
-98 24
-96 23
-98 20
-98 20
-95 19
-95 18
-96 17
-96 16
-93 13
-90 13
-93 14
-96 14
-98 15
-96 15
-99 14
-96 14
-95 11
-95 10
-92 10
-89 13
-88 16
-86 16
-87 16
-86 16
-86 19
-86 19
-87 19
-87 20
-84 22
-84 22
-84 24
-82 25
-81 23
-82 25
-81 24
-82 22
-82 25
-82 25
-85 27
-84 30
-84 31
-85 29
-85 27
-85 30
-85 31
-83 31
-80 32
-80 35
-80 35
-82 32
-81 32
-84 30
-84 29
-86 30
-89 27
-90 24
-91 22
-89 19
-90 17
-90 16
-90 19
-90 18
-87 21
-85 22
-85 22
-87 20
-84 19
-83 22
-86 24
-86 22
-86 24
-87 24
-87 22
-85 24
-85 25
-82 25
-83 28
-82 25
-81 25
-84 25
-85 25
-87 25
-84 26
-86 26
-84 28
-85 28
-88 28
-88 27
-88 26
-90 27
-90 29
-93 32
-96 34
-98 33
-99 36
-99 36
-99 35
-100 35
-100 35
-100 37
-100 37
-100 40
-100 40
-100 37
-98 35
-100 34
-100 36
-100 39
-100 39
-98 39
-100 38
-100 38
-100 36
-100 36
-100 38
-100 38
-100 37
-100 35
-99 35
-98 33
-99 32
-98 31
-97 32
-97 32
-95 32
-98 32
-99 31
-98 30
-95 31
-96 30
-99 28
-99 25
-99 24
-100 22
-99 23
-99 22
-100 22
-100 24
-98 27
-100 26
-99 23
-100 23
-99 23
-98 25
-95 27
-92 25
-91 25
-91 28
-93 31
-94 29
-96 31
-97 30
-96 30
-98 30
-99 27
-96 24
-98 23
-96 22
-96 24
-97 24
-98 26
-97 26
-97 27
-100 24
-98 24
-98 27
-97 27
-100 28
-98 28
-98 30
-97 31
-98 29
-99 28
-98 30
-95 28
-95 31
-95 30
