-38 97
-37 95
-34 93
-34 94
-33 97
-35 94
-35 97
-36 96
-38 99
-35 100
-37 100
-35 99
-32 99
-31 96
-32 96
-35 94
-35 94
-35 96
-37 97
-38 97
-38 94
-38 94
-39 94
-36 93
-36 90
-33 89
-36 87
-39 87
-41 88
-41 87
-41 87
-41 89
-44 90
-45 87
-47 88
-48 85
-45 84
-44 84
-41 87
-44 88
-46 88
-44 85
-46 86
-44 89
-46 89
-44 92
-43 93
-43 95
-41 95
-40 93
-38 90
-35 88
-35 87
-35 84
-36 87
-34 88
-36 85
-39 86
-39 88
-39 89
-36 90
-39 89
-40 89
-38 88
-36 88
-36 86
-33 84
-33 84
-33 81
-36 84
-37 83
-37 83
-39 83
-36 85
-36 85
-36 88
-36 85
-39 87
-36 86
-39 86
-41 85
-42 84
-43 81
-43 79
-41 81
-44 79
-44 78
-44 80
-42 83
-41 80
-38 80
-41 80
-39 77
-38 74
-39 77
-42 79
-39 79
-39 79
-36 77
-38 74
-38 72
-41 72
-40 74
-37 75
-34 72
-36 69
-36 70
-35 68
-35 68
-33 65
-33 68
-34 67
-34 66
-31 68
-33 70
-36 70
-33 71
-32 73
-30 73
-29 75
-28 75
-30 78
-31 78
-30 80
-27 83
-28 86
-25 85
-23 83
-21 83
-21 83
-20 83
-17 82
-19 82
-21 82
-18 81
-19 81
-19 81
-19 78
-22 79
-22 76
-25 76
-22 73
-19 73
-21 73
-22 73
-22 74
-24 74
-23 75
-25 73
-24 75
-22 78
-22 79
-19 78
-18 80
-19 80
-17 83
-20 81
-23 79
-26 78
-26 79
-25 77
-27 75
-25 74
-27 73
-29 72
-26 69
-26 71
-28 73
-25 70
-26 71
-26 71
-24 74
-24 72
-21 71
-22 74
-21 75
-20 74
-23 71
-23 71
-24 71
-24 69
-21 69
-21 69
-23 67
-20 64
-17 64
-17 65
-17 63
-16 63
-15 66
-13 69
-13 68
-14 70
-12 70
-10 70
-7 67
-8 67
-6 67
-6 65
-6 67
-6 68
-6 66
-6 67
-8 66
-5 63
-4 62
-5 63
-3 64
-6 65
-6 65
-6 67
-6 65
-6 65
-6 65
-7 62
-5 60
-4 61
-1 61
-2 62
0 65
2 65
2 62
2 62
-1 61
-1 60
0 57
-3 59
-6 59
-3 61
-2 58
0 59
2 58
2 56
3 58
6 58
7 60
9 58
11 59
11 58
9 58
6 61
6 64
9 61
8 63
6 62
6 59
6 60
6 60
3 60
1 57
2 57
4 54
2 57
4 59
4 59
4 57
6 55
8 53
8 55
6 55
9 53
10 52
13 50
11 53
13 54
12 57
12 59
14 60
16 60
15 62
16 62
17 61
15 58
18 58
19 55
20 56
20 57
22 57
20 58
21 57
23 54
26 54
28 53
26 51
23 51
26 53
29 55
27 52
25 54
27 52
28 53
30 55
31 56
29 54
27 52
24 49
21 47
21 47
18 45
17 42
16 41
13 39
12 38
10 38
7 41
7 41
6 42
9 39
6 42
4 42
1 42
2 42
2 39
5 42
5 43
6 40
6 37
8 39
8 37
6 35
5 34
4 32
4 30
2 27
4 29
2 28
2 28
1 27
-1 29
0 32
1 33
1 30
-2 33
1 32
-2 31
-1 33
-4 33
-4 30
-4 29
-4 26
-2 23
-3 25
-2 24
-5 26
-4 29
-3 28
0 31
-1 29
-4 30
-7 30
-4 29
-1 26
-3 27
-1 24
-1 26
0 28
-2 30
-4 28
-4 28
-4 30
-4 29
-4 29
-2 26
-2 27
-5 26
-7 28
-7 25
-4 22
-3 22
-3 22
-2 23
-1 24
-3 22
-6 19
-5 20
-7 18
-7 18
-9 20
-10 20
-12 20
-12 22
-9 22
-8 25
-10 22
-12 23
-11 20
-13 20
-14 20
-14 20
-15 18
-12 18
-14 17
-14 19
-12 19
-11 22
-8 19
-6 20
-9 22
-6 22
-6 20
-8 17
-5 20
-5 22
-6 20
-8 23
-6 21
-4 21
-7 20
-6 19
-5 20
-6 23
-9 22
-9 23
-7 26
-5 29
-5 28
-5 25
-8 23
-5 22
-5 22
-5 21
-3 22
-4 21
-6 24
-3 23
-6 25
-8 24
-9 26
-12 23
-15 23
-14 26
-17 26
-19 26
-17 25
-15 23
-13 24
-16 27
-17 27
-16 27
-16 25
-15 22
-12 25
-12 24
-10 24
-12 26
-9 26
-10 27
-10 25
-9 22
-12 19
-14 18
-12 20
-15 20
-13 18
-16 19
-17 19
-17 22
-19 25
-17 27
-16 28
-14 28
-16 29
-15 30
-15 30
-15 30
-12 29
-15 28
-15 31
-15 33
-17 33
-19 33
-18 32
-18 33
-15 36
-14 35
-17 36
-20 34
-23 34
-25 36
-22 35
-22 33
-24 36
-24 34
-22 37
-21 35
-21 37
-20 37
-17 40
-17 40
-17 42
-16 41
-16 40
-17 43
-15 43
-15 44
-15 42
-15 44
-15 44
-17 42
-19 39
-21 42
-22 45
-24 47
-27 47
-28 47
-30 46
-31 49
-28 50
-31 49
-32 46
-30 44
-30 41
-32 38
-32 37
-33 40
-33 43
-34 45
-33 45
-31 46
-33 46
-31 49
-31 49
-29 46
-30 45
-31 46
-29 45
-30 45
-33 42
-30 44
-32 46
-32 45
-31 43
-31 41
-28 41
-31 39
-31 39
-30 36
-27 34
-24 35
-22 35
-22 37
-21 37
-22 37
-22 34
-20 37
-23 39
-26 40
-25 41
-28 41
-28 41
-27 40
-28 40
-31 40
-33 40
-32 40
-33 42
-33 43
-33 44
-32 43
-32 46
-33 48
-30 46
-30 49
-30 49
-33 49
-33 49
-33 50
-33 53
-30 50
-27 48
-27 48
-29 47
-30 49
-30 46
-32 46
-30 48
-31 50
-29 49
-30 52
-29 54
-29 52
-31 55
-34 58
-36 60
-39 60
-42 57
-39 54
-36 51
-34 51
-34 51
-31 52
-34 53
-33 50
-36 50
-34 50
-35 53
-33 54
-36 52
-33 54
-35 55
-32 58
-31 58
-34 56
-32 56
-32 56
-30 55
-31 58
-34 55
-32 57
-29 60
-28 62
-25 63
-25 62
-27 61
-24 58
-23 55
-23 52
-26 51
-29 51
-29 52
-27 53
-24 52
-24 49
-25 48
-28 45
-29 46
-26 43
-26 41
-28 41
-28 44
-28 42
-25 41
-27 41
-29 42
-28 45
-28 43
-27 43
-29 42
-32 42
-30 45
-29 47
-31 44
-28 43
-31 45
-29 42
-30 43
-28 45
-31 42
-32 42
-31 42
-29 42
-32 45
-31 44
-31 43
-34 43
-35 43
-35 41
-37 42
-34 42
-36 39
-38 38
-38 40
-38 40
-40 40
-40 39
-38 39
-39 41
-39 38
-38 41
-39 41
-39 41
-39 40
-39 40
-39 42
-39 44
-37 41
-35 41
-33 38
-30 38
-33 39
-33 36
-32 39
-32 37
-32 35
-30 38
-30 41
-31 38
-31 36
-31 33
-30 30
-31 30
-29 32
-32 33
-34 33
-32 34
-35 35
-35 32
-32 33
-32 33
-29 31
-26 30
-28 28
-25 25
-25 27
-25 27
-25 24
-22 23
-22 24
-23 21
-25 21
-28 21
-30 20
-29 21
-29 21
-29 18
-28 17
-29 17
-27 17
-26 16
-24 14
-26 17
-28 14
-30 11
-29 11
-29 8
-32 8
-35 9
-32 8
-30 9
-30 10
-29 10
-30 7
-30 8
-29 7
-29 7
-32 5
-35 2
-32 5
-31 2
-31 0
-34 1
-34 1
-33 4
-30 4
-31 2
-29 5
-31 2
-34 3
-34 3
-37 6
-37 7
-39 8
-41 9
-44 11
-45 11
-43 11
-45 11
-48 8
-45 6
-47 9
-50 9
-52 9
-52 12
-52 15
-52 15
-55 15
-55 18
-55 21
-54 21
-53 20
-52 23
-49 25
-52 26
-51 24
-50 24
-53 26
-50 27
-52 28
-49 28
-49 27
-49 26
-51 26
-50 26
-50 28
-51 30
-52 33
-54 36
-56 33
-56 33
-55 33
-54 30
-51 30
-48 27
-48 26
-51 26
-54 24
-55 23
-55 22
-52 23
-52 23
-53 23
-52 25
-52 23
-52 23
-53 23
-53 21
-52 24
-54 25
-54 23
-54 22
-51 23
-51 25
-54 23
-54 22
-55 23
-56 22
-54 23
-56 20
-54 22
-54 21
-57 23
-58 23
-59 25
-56 22
-55 19
-52 18
-55 18
-55 21
-53 21
-50 21
-50 23
-52 25
-52 28
-55 27
-54 30
-57 31
-59 32
-58 31
-60 32
-62 32
-65 34
-66 34
-65 34
-63 37
-62 37
-63 34
-66 35
-65 32
-67 30
-69 28
-70 30
-71 30
-73 28
-73 30
-73 33
-74 32
-72 35
-70 32
-73 30
-70 32
-69 34
-68 36
-68 37
-65 37
-66 37
-66 40
-65 43
-66 43
-64 44
-62 47
-60 49
-58 48
-57 47
-58 48
-59 49
-56 48
-57 46
-54 46
-54 49
-51 49
-52 47
-52 50
-54 49
-54 52
-52 51
-54 48
-55 45
-54 44
-55 44
-57 47
-57 49
-56 49
-54 52
-53 54
-51 52
-53 52
-54 55
-57 52
-57 53
-55 52
-55 55
-55 52
-54 51
-54 51
-55 49
-52 48
-52 47
-54 44
-54 46
-53 46
-53 49
-50 52
-52 51
-51 53
-49 50
-47 50
-45 47
-43 49
-44 48
-45 45
-43 44
-45 42
-44 44
-42 45
-44 43
-41 44
-43 42
-46 44
-49 43
-50 44
-50 46
-51 44
-51 44
-49 45
-47 48
-47 46
-47 45
-44 48
-42 48
-42 50
-41 50
-41 48
-40 45
-42 45
-43 43
-43 43
-43 46
-41 43
-38 40
-38 40
-38 38
-40 39
-38 36
-35 36
-32 33
-32 33
-32 33
-32 36
-33 37
-33 40
-33 39
-32 36
-32 35
-34 35
-31 38
-32 40
-34 37
-37 34
-36 31
-34 31
-32 31
-32 30
-32 31
-35 28
-37 28
-37 28
-34 30
-32 29
-32 28
-33 27
-33 28
-34 28
-35 27
-33 27
-32 28
-32 28
-32 25
-30 26
-29 26
-29 29
-32 31
-30 33
-27 33
-27 35
-29 38
-31 37
-32 36
-35 38
-35 39
-35 41
-36 41
-36 41
-36 41
-33 42
-30 42
-30 44
-30 43
-30 46
-27 46
-25 46
-25 48
-23 49
-21 51
-21 54
-21 57
-22 55
-24 55
-26 52
-26 54
-28 53
-29 51
-27 50
-24 51
-24 51
-23 50
-25 49
-23 46
-22 45
-23 44
-23 44
-22 41
-22 38
-19 35
-19 36
-20 34
-20 35
-17 37
-20 37
-22 34
-24 34
-22 35
-22 36
-21 38
-23 38
-23 37
-21 37
-19 37
-17 40
-15 37
-15 37
-17 34
-17 34
-19 37
-16 39
-17 42
-20 42
-19 43
-17 44
-16 42
-18 45
-21 42
-24 42
-24 44
-26 47
-26 47
-28 45
-28 47
-25 45
-27 47
-26 47
-25 46
-22 46
-22 46
-24 45
-25 45
-25 44
-22 41
-25 41
-27 39
-25 37
-25 34
-22 31
-25 34
-24 33
-27 36
-25 35
-23 35
-21 38
-24 38
-24 38
-26 41
-28 41
-28 40
-27 43
-28 43
-31 44
-31 44
-34 43
-36 42
-38 39
-38 40
-37 42
-37 42
-40 40
-40 39
-39 39
-39 39
-38 38
-40 38
-38 36
-37 36
-37 36
-37 39
-39 38
-41 39
-42 39
-44 38
-47 41
-45 38
-47 38
-46 37
-45 39
-47 36
-47 39
-47 39
-46 38
-44 37
-41 39
-40 36
-37 38
-40 41
-38 42
-38 44
-38 44
-38 47
-39 49
-37 50
-40 50
-41 47
-42 47
-40 44
-43 41
-46 41
-46 41
-49 41
-47 43
-47 41
-44 43
-47 42
-44 42
-44 42
-42 42
-42 42
-42 40
-42 41
-42 41
-44 38
-44 37
-44 37
-45 39
-47 39
-48 37
-50 39
-49 37
-46 35
-47 32
-47 29
-48 30
-45 30
-45 30
-45 29
-43 30
-41 30
-44 28
-46 30
-49 33
-48 32
-50 31
-50 30
-53 27
-50 27
-48 25
-48 25
-45 27
-48 25
-46 26
-45 28
-48 28
-50 31
-51 28
-50 26
-51 26
-51 23
-50 23
-53 24
-50 26
-50 26
-51 27
-49 29
-49 26
-46 25
-43 27
-40 28
-43 28
-40 28
-42 28
-41 25
-42 25
-41 22
-44 25
-41 27
-43 29
-44 31
-47 31
-44 34
-44 37
-47 35
-50 33
-51 34
-50 31
-49 33
-50 33
-51 31
-51 31
-53 30
-53 31
-56 33
-59 33
-56 32
-53 34
-51 34
-49 31
-49 32
-50 34
-53 37
-54 39
-54 37
-51 37
-53 35
-52 35
-49 36
-49 39
-49 42
-46 45
-48 43
-51 43
-50 46
-52 48
-54 49
-55 51
-57 54
-58 54
-61 54
-64 54
-61 54
-60 51
-62 49
-64 49
-62 50
-60 49
-59 50
-59 49
-60 49
-62 50
-63 47
-64 46
-66 45
-69 43
-67 40
-69 37
-68 37
-68 35
-68 36
-65 35
-65 34
-62 37
-63 38
-64 36
-63 33
-63 33
-63 31
-66 31
-69 28
-72 28
-69 28
-69 26
-69 25
-70 25
-70 24
-68 26
-71 29
-68 29
-70 27
-70 24
-72 27
-72 29
-72 29
-75 26
-75 26
-72 25
-72 28
-72 28
-69 28
-68 25
-68 22
-68 24
-70 22
-68 23
-65 21
-66 18
-63 17
-60 17
-60 19
-63 20
-61 22
-61 24
-60 27
-57 30
-54 29
-57 29
-56 27
-56 25
-58 28
-55 26
-54 23
-53 26
-55 26
-56 24
-55 27
-54 30
-54 28
-53 30
-50 31
-50 31
-53 28
-53 30
-51 30
-51 28
-54 30
-51 28
-51 27
-51 29
-51 30
-52 27
-49 28
-48 28
-51 28
-51 30
-53 30
-52 28
-53 31
-53 28
-53 26
-54 25
-54 27
-55 25
-52 23
-54 21
-54 21
-53 21
-54 21
-54 22
-51 19
-49 21
-51 22
-48 19
-46 20
-49 17
-46 20
-48 20
-46 20
-48 22
-51 25
-49 25
-49 25
-47 26
-47 24
-49 26
-46 23
-44 25
-42 25
-41 28
-40 28
-40 28
-38 27
-37 30
-36 30
-38 31
-35 28
-34 31
-35 29
-32 28
-32 28
-34 26
-34 28
-33 27
-31 27
-30 30
-30 30
-27 30
-29 31
-26 30
-26 29
-26 29
-26 29
-28 30
-26 32
-27 32
-27 33
-28 35
-29 37
-31 40
-31 42
-31 45
-28 48
-29 51
-31 49
-34 51
-34 51
-33 53
-31 50
-29 52
-29 49
-26 49
-27 46
-30 44
-27 47
-30 46
-32 44
-33 47
-33 44
-35 46
-32 45
-34 45
-34 45
-34 45
-34 42
-34 42
-37 44
-40 47
-38 44
-35 45
-37 43
-35 40
-35 37
-36 39
-35 39
-37 38
-38 37
-35 38
-36 36
-38 34
-41 33
-39 32
-41 30
-43 31
-43 31
-45 31
-46 34
-49 35
-46 33
-43 33
-41 33
-41 30
-38 30
-38 31
-41 33
-38 30
-36 29
-38 30
-40 30
-37 27
-40 24
-40 26
-39 28
-36 30
-39 28
-39 31
-39 31
-40 32
-42 29
-40 31
-41 34
-38 34
-40 36
-40 35
-42 35
-45 36
-47 36
-47 36
-49 38
-47 41
-47 41
-47 40
-50 43
-50 40
-48 41
-48 42
-48 44
-49 43
-52 44
-51 45
-54 44
-52 47
-50 49
-47 51
-44 54
-41 51
-40 51
-43 49
-41 52
-39 52
-41 52
-41 51
-38 49
-39 48
-39 47
-40 47
-39 47
-36 47
-34 45
-34 42
-35 39
-38 36
-36 37
-36 40
-34 39
-37 38
-40 39
-37 39
-37 38
-36 39
-34 42
-31 45
-34 46
-31 45
-31 48
-31 48
-28 48
-30 51
-29 51
-32 51
-35 51
-37 49
-37 46
-37 43
-37 43
-39 43
-38 46
-38 48
-36 45
-38 44
-37 47
-34 47
-37 45
-34 43
-34 43
-36 44
-36 43
-36 41
-34 38
-34 39
-32 37
-29 34
-29 34
-29 34
-27 31
-30 32
-30 35
-30 36
-32 39
-29 38
-26 41
-23 40
-21 40
-21 38
-20 38
-18 35
-18 34
-20 36
-20 33
-22 31
-20 31
-17 31
-20 33
-20 33
-17 33
-18 36
-21 34
-19 34
-20 34
-17 35
-16 35
-16 34
-13 35
-13 35
-12 35
-9 35
-6 38
-5 38
-7 40
-9 40
-9 40
-7 41
-7 41
-7 41
-7 43
-8 43
-8 43
-5 41
-7 41
-7 43
-5 45
-3 44
-3 44
-5 47
-2 50
1 53
0 52
-2 49
0 46
1 49
1 50
0 53
-1 56
-3 53
-1 53
2 53
2 51
2 53
4 55
2 54
2 51
-1 53
2 53
2 52
2 55
2 54
2 56
2 57
4 54
7 57
9 56
8 55
10 58
9 56
10 58
10 55
11 55
12 55
10 55
11 57
9 55
11 52
10 51
12 48
12 49
15 46
15 46
14 48
15 46
15 44
15 44
16 43
16 41
18 43
16 41
14 39
12 37
11 36
8 38
6 38
3 38
2 41
3 42
3 40
2 43
4 41
4 44
3 42
5 40
7 37
9 38
6 40
4 43
2 40
1 40
0 42
-2 41
-4 39
-4 36
-2 38
-3 40
0 41
1 41
4 38
3 38
3 38
0 35
0 33
-2 35
-2 35
-2 38
-5 40
-6 37
-7 38
-10 35
-12 33
-10 35
-8 35
-6 33
-6 33
-8 30
-9 31
-9 29
-6 27
-9 30
-8 31
-11 31
-14 28
-12 28
-12 28
-14 27
-13 26
-10 29
-10 27
-10 29
-13 29
-11 29
-10 31
-8 33
-9 32
-10 34
-10 33
-7 30
-8 33
-11 32
-12 34
-9 34
-7 34
-6 32
-7 32
-5 32
-4 32
-1 29
2 31
3 31
5 31
4 29
5 30
5 30
3 28
3 29
3 29
3 28
1 31
1 28
1 26
-2 23
-5 20
-6 23
-6 24
-6 24
-5 22
-2 25
0 25
2 27
0 25
-3 23
-5 21
-4 21
-5 22
-2 24
-4 21
-4 21
-6 19
-7 18
-8 17
-9 16
-9 16
-12 13
-12 13
-12 15
-13 16
-14 17
-11 20
-8 20
-10 17
-10 15
-11 14
-10 17
-13 16
-16 17
-17 17
-17 17
-17 15
-20 18
-23 16
-25 13
-28 16
-27 15
-25 12
-23 10
-25 10
-25 7
-24 6
-26 3
-26 0
-23 2
-25 0
-26 -1
-29 2
-29 4
-32 5
-30 7
-27 6
-28 3
-28 3
-26 4
-26 3
-27 6
-25 5
-25 6
-22 5
-25 5
-26 5
-23 8
-22 8
-23 6
-21 9
-20 12
-21 9
-19 7
-18 7
-20 5
-22 3
-25 3
-22 4
-24 4
-25 7
-25 8
-22 10
-23 13
-25 13
-28 13
-28 12
-26 11
-24 12
-21 12
-21 9
-19 8
-20 6
-22 4
-23 3
-24 2
-25 2
-23 5
-20 8
-20 8
-21 8
-19 11
-19 13
-16 12
-18 10
-17 8
-20 5
-21 4
-23 2
-26 -1
-26 -1
-26 -1
-26 0
-26 2
-24 3
-24 6
-26 6
-24 6
-22 3
-24 1
-24 3
-24 6
-22 7
-24 4
-23 2
-23 2
-26 -1
-26 -1
-27 -2
-27 -2
-27 -1
-27 -1
-30 2
-32 -1
-32 2
-29 3
-28 1
-25 0
-25 0
-27 -2
-28 -3
-29 -3
-31 -4
-32 -2
-30 -3
-33 0
-34 -1
-35 1
-37 3
-39 6
-39 6
-41 8
-40 6
-43 7
-40 5
-37 5
-34 5
-36 6
-39 9
-37 8
-38 7
-35 4
-35 5
-38 3
-35 2
-35 1
-32 4
-34 4
-37 2
-40 0
-43 0
-40 -2
-43 -4
-43 -4
-46 -5
-46 -2
-43 -3
-43 -4
-44 -5
-45 -5
-42 -2
-44 -3
-44 0
-46 0
-46 -1
-46 -2
-44 -3
-47 0
-44 0
-42 0
-44 -2
-47 -3
-50 -6
-49 -7
-48 -7
-45 -4
-47 -3
-47 -5
-47 -7
-44 -9
-47 -9
-49 -10
-49 -12
-49 -13
-48 -11
-49 -13
-52 -16
-54 -14
-56 -12
-53 -14
-53 -11
-50 -11
-50 -14
-53 -15
-51 -16
-52 -17
-54 -19
-54 -19
-54 -16
-56 -16
-58 -13
-58 -15
-61 -12
-59 -12
-56 -12
-58 -13
-60 -12
-63 -14
-63 -14
-66 -15
-66 -12
-63 -14
-65 -14
-68 -17
-71 -14
-71 -16
-72 -16
-72 -19
-71 -19
-74 -19
-77 -17
-78 -19
-80 -16
-77 -18
-79 -17
-79 -14
-76 -15
-75 -16
-73 -18
-76 -17
-76 -20
-73 -21
-70 -20
-71 -18
-69 -21
-69 -20
-67 -20
-66 -20
-65 -19
-66 -19
-66 -18
-65 -21
-63 -24
-62 -25
-62 -22
-59 -22
-59 -24
-62 -25
-62 -26
-60 -28
-62 -25
-63 -25
-60 -26
-61 -26
-63 -28
-65 -25
-65 -26
-67 -26
-64 -26
-63 -24
-63 -24
-63 -23
-60 -22
-63 -19
-66 -18
-66 -18
-66 -16
-66 -16
-63 -15
-60 -13
-58 -10
-59 -10
-57 -9
-58 -12
-61 -13
-63 -15
-63 -14
-64 -17
-64 -17
-64 -20
-63 -20
-66 -20
-65 -20
-62 -17
-64 -19
-64 -18
-65 -18
-65 -21
-65 -21
-65 -18
-66 -19
-63 -16
-62 -15
-65 -18
-65 -16
-64 -16
-66 -13
-64 -14
-65 -11
-63 -13
-66 -15
-69 -14
-71 -14
-71 -17
-74 -14
-77 -12
-75 -13
-76 -14
-78 -15
-76 -15
-73 -15
-70 -18
-69 -20
-67 -20
-70 -20
-72 -20
-69 -21
-71 -21
-69 -21
-69 -20
-67 -19
-70 -18
-69 -17
-66 -19
-65 -19
-66 -19
-66 -21
-64 -21
-61 -21
-64 -22
-64 -20
-61 -23
-60 -23
-61 -23
-61 -20
-62 -20
-65 -17
-65 -20
-68 -20
-66 -23
-69 -20
-68 -20
-68 -23
-67 -25
-70 -27
-70 -24
-70 -27
-71 -30
-73 -33
-75 -32
-77 -30
-74 -29
-71 -28
-73 -30
-73 -27
-75 -30
-78 -28
-80 -25
-78 -25
-79 -27
-81 -27
-83 -30
-81 -30
-78 -32
-80 -34
-83 -35
-84 -34
-85 -34
-86 -32
-86 -29
-86 -31
-88 -31
-86 -31
-89 -28
-92 -27
-94 -27
-94 -26
-94 -26
-92 -26
-91 -28
-91 -28
-91 -26
-91 -29
-91 -30
-93 -33
-95 -34
-93 -34
-96 -31
-96 -33
-95 -32
-98 -33
-95 -30
-95 -32
-98 -32
-100 -32
-100 -29
-99 -27
-100 -27
-100 -26
-100 -24
-98 -24
-96 -23
-94 -25
-95 -22
-95 -25
-95 -25
-94 -25
-93 -25
-90 -23
-87 -23
-87 -23
-88 -25
-89 -22
-88 -22
-88 -25
-91 -27
-91 -27
-89 -25
-87 -28
-90 -29
-93 -29
-96 -30
-94 -30
-91 -28
-91 -30
-88 -27
-88 -24
-87 -21
-84 -21
-84 -19
-87 -19
-87 -16
-88 -16
-86 -15
-86 -15
-88 -16
-88 -17
-90 -14
-92 -17
-90 -15
-90 -17
-90 -14
-87 -16
-85 -14
-85 -14
-85 -13
-88 -12
-89 -14
-89 -14
-92 -12
-92 -11
-94 -9
-94 -7
-97 -7
-97 -8
-95 -8
-98 -9
-97 -9
-96 -10
-96 -12
-99 -11
-98 -13
-95 -12
-98 -15
-96 -12
-95 -11
-92 -12
-90 -11
-93 -13
-93 -14
-94 -14
-92 -17
-93 -17
-96 -14
-98 -11
-95 -14
-94 -15
-92 -16
-91 -15
-93 -16
-96 -15
-96 -16
-97 -17
-94 -16
-93 -15
-94 -14
-94 -15
-91 -15
-90 -18
-92 -18
-93 -18
-95 -21
-97 -21
-97 -20
-95 -19
-94 -19
-96 -19
-99 -21
-98 -20
-98 -23
-97 -22
-94 -20
-92 -23
-93 -21
-90 -22
-91 -19
-88 -21
-86 -21
-85 -18
-82 -21
-81 -21
-82 -19
-82 -21
-80 -19
-80 -19
-78 -22
-81 -19
-79 -18
-82 -18
-85 -16
-84 -13
-83 -16
-80 -19
-78 -21
-81 -19
-83 -16
-80 -13
-78 -14
-79 -11
-82 -9
-80 -6
-81 -5
-81 -3
-83 -4
-85 -5
-83 -5
-83 -5
-81 -6
-83 -9
-86 -7
-83 -7
-81 -7
-81 -8
-84 -7
-84 -8
-84 -9
-82 -8
-82 -11
-82 -11
-84 -14
-84 -13
-85 -13
-82 -14
-85 -14
-85 -14
-85 -14
-82 -16
-80 -18
-77 -18
-77 -21
-79 -23
-80 -24
-81 -21
-81 -21
-84 -19
-81 -17
-80 -16
-79 -15
-79 -13
-80 -12
-80 -12
-77 -12
-77 -12
-80 -15
-81 -14
-78 -17
-76 -15
-73 -18
-70 -19
-70 -17
-70 -20
-70 -20
-70 -19
-72 -16
-72 -14
-72 -11
-69 -14
-70 -13
-71 -12
-72 -11
-74 -8
-72 -7
-71 -5
-73 -7
-76 -5
-74 -3
-74 -3
-72 -5
-70 -5
-73 -5
-75 -3
-72 -3
-72 -1
-71 2
-71 0
-68 1
-67 1
-66 1
-63 3
-65 6
-67 3
-70 3
-72 2
-73 -1
-71 2
-72 3
-75 5
-72 3
-72 2
-73 2
-75 4
-73 2
-71 1
-69 1
-66 0
-64 -2
-67 -2
-69 1
-66 0
-66 1
-67 2
-67 3
-70 2
-67 3
-70 0
-72 -1
-70 1
-72 2
-69 1
-66 -2
-64 -2
-62 0
-65 0
-66 0
-63 1
-63 0
-66 -3
-63 -5
-64 -5
-64 -3
-64 -4
-67 -5
-68 -3
-66 -4
-64 -3
-64 0
-64 3
-64 3
-66 3
-66 5
-67 6
-67 4
-64 5
-66 6
-64 4
-65 3
-65 0
-66 2
-64 3
-67 0
-64 0
-62 0
-62 1
-60 1
-57 4
-58 2
-60 2
-61 3
-59 1
-56 0
-58 0
-58 -1
-55 -1
-58 -2
-61 -2
-61 1
-61 -2
-62 -2
-59 -5
-59 -6
-56 -8
-57 -5
-58 -8
-61 -7
-61 -10
-61 -7
-61 -9
-58 -12
-58 -11
-61 -12
-62 -15
-60 -15
-63 -13
-63 -13
-63 -13
-60 -13
-62 -12
-65 -9
-68 -8
-69 -8
-69 -8
-67 -5
-66 -8
-64 -11
-64 -13
-61 -16
-58 -15
-59 -18
-59 -17
-59 -14
-59 -16
-56 -16
-53 -19
-52 -19
-52 -22
-52 -22
-55 -22
-55 -22
-55 -22
-53 -22
-55 -20
-58 -23
-61 -26
-61 -26
-61 -23
-60 -20
-57 -22
-57 -24
-60 -23
-60 -21
-57 -20
-57 -21
-57 -21
-60 -18
-62 -19
-59 -16
-59 -18
-59 -18
-57 -18
-57 -16
-60 -16
-58 -15
-57 -18
-58 -16
-57 -19
-60 -17
-59 -15
-59 -15
-59 -15
-57 -15
-60 -14
-60 -17
-57 -16
-59 -19
-62 -17
-62 -19
-62 -21
-62 -21
-62 -18
-60 -21
-62 -21
-59 -21
-61 -24
-60 -25
-63 -22
-60 -24
-58 -25
-56 -24
-58 -24
-58 -24
-55 -22
-54 -22
-54 -19
-52 -20
-55 -22
-54 -24
-52 -25
-53 -28
-56 -31
-59 -34
-60 -35
-63 -33
-63 -33
-62 -34
-59 -31
-58 -33
-59 -30
-62 -27
-65 -30
-66 -30
-66 -28
-66 -25
-66 -26
-65 -26
-62 -26
-62 -23
-62 -23
-63 -26
-63 -29
-63 -31
-61 -32
-58 -30
-61 -27
-63 -27
-63 -30
-64 -30
-64 -30
-61 -29
-62 -30
-65 -27
-65 -24
-62 -23
-65 -21
-68 -19
-68 -21
-68 -22
-68 -25
-71 -22
-69 -24
-68 -26
-68 -23
-66 -25
-69 -28
-66 -27
-66 -26
-64 -29
-61 -32
-63 -32
-63 -29
-64 -26
-65 -26
-66 -28
-67 -28
-67 -30
-66 -29
-66 -27
-63 -25
-60 -26
-60 -27
-60 -25
-63 -25
-62 -26
-62 -24
-60 -25
-60 -24
-61 -23
-59 -25
-61 -25
-62 -26
-63 -29
-65 -29
-66 -29
-66 -27
-66 -29
-69 -32
-71 -33
-74 -30
-75 -30
-76 -30
-79 -33
-77 -32
-76 -31
-75 -31
-72 -31
-69 -29
-66 -28
-65 -25
-67 -28
-67 -28
-69 -29
-67 -29
-67 -27
-70 -25
-71 -23
-71 -20
-71 -17
-74 -15
-73 -13
-75 -14
-77 -16
-77 -13
-79 -12
-79 -11
-76 -11
-78 -13
-79 -12
-76 -11
-74 -11
-75 -11
-77 -11
-76 -10
-74 -11
-77 -13
-79 -14
-76 -12
-77 -11
-80 -8
-79 -11
-78 -9
-79 -11
-82 -11
-81 -8
-83 -10
-85 -10
-87 -12
-87 -13
-89 -11
-88 -11
-87 -9
-87 -7
-89 -9
-89 -8
-90 -6
-89 -4
-89 -4
-89 -2
-92 -4
-93 -7
-93 -5
-91 -4
-90 -1
-92 2
-93 5
-93 6
-91 7
-88 6
-85 8
-86 8
-87 9
-89 6
-87 7
-90 7
-89 4
-87 4
-86 6
-88 6
-85 6
-86 8
-88 8
-91 8
-89 8
-91 9
-94 11
-96 11
-97 11
-94 12
-91 11
-94 14
-92 14
-89 17
-88 16
-85 17
-88 16
-88 16
-90 16
-90 16
-90 13
-89 15
-87 16
-90 17
-93 20
-94 21
-97 19
-97 19
-98 19
-99 22
-100 21
-99 21
-100 22
-100 20
-100 20
-100 18
-99 17
-100 18
-97 18
-96 18
-93 17
-90 20
-89 19
-88 16
-91 16
-91 17
-91 14
-91 14
-91 13
-90 10
-88 10
-90 9
-90 6
-93 8
-96 10
-96 9
-94 12
-96 14
-97 15
-94 18
-94 18
-97 19
-94 21
-97 20
-98 21
-100 20
-98 17
-98 19
-96 19
-96 18
-98 17
-95 17
-95 17
-93 14
-92 14
-90 13
-93 10
-90 8
-89 8
-87 9
-87 9
-88 10
-89 8
-86 7
-89 8
-87 7
-90 5
-93 5
-93 4
-91 2
-94 -1
-93 0
-92 2
-95 3
-94 2
-91 4
-90 7
-93 5
-95 4
-98 3
-100 1
-100 4
-100 4
-100 6
-100 4
-100 6
-97 5
-96 3
-98 2
-98 0
-99 -2
-99 -2
-97 -1
-99 0
-97 -3
-100 0
-100 -2
-100 -4
-100 -3
-99 -2
-100 0
-100 0
-98 3
-97 2
-98 -1
-96 -1
-94 2
-93 2
-94 2
-96 0
-96 1
-96 4
-97 6
-98 3
-95 1
-92 3
-93 5
-90 2
-90 3
-92 2
-95 3
-95 3
-98 3
-95 1
-97 0
-94 0
-92 2
-93 2
-93 4
-92 6
-95 4
-97 5
-97 4
-99 4
-100 2
-100 -1
-100 1
-100 0
-100 0
-98 -1
-96 2
-96 2
-97 -1
-94 -4
-96 -3
-99 -1
-98 -3
-99 -4
-100 -3
-99 -6
-99 -3
-97 0
-100 3
-97 3
-97 3
-95 5
-96 5
-98 4
-98 4
-99 1
-100 1
-100 1
-98 0
-98 -3
-97 0
-98 -3
-99 0
-98 0
-99 0
-100 1
-100 4
-100 3
-98 3
-98 3
-97 3
-98 4
-99 1
-96 1
-94 2
-93 4
-93 2
-91 1
-89 -2
-88 1
-87 1
-87 4
-90 2
-88 3
-90 3
-87 4
-87 4
-86 3
-89 2
-91 1
-91 -2
-93 -5
-92 -5
-95 -4
-96 -7
-95 -10
-95 -10
-96 -13
-95 -12
-95 -15
-96 -15
-99 -18
-100 -18
-99 -20
-96 -18
-98 -15
-99 -13
-96 -15
-95 -16
-96 -18
-94 -20
-93 -19
-91 -19
-91 -18
-90 -21
-91 -24
-89 -24
-86 -21
-89 -18
-91 -17
-93 -17
-95 -17
-95 -17
-93 -15
-93 -18
-93 -17
-95 -16
-92 -15
-94 -18
-92 -18
-92 -17
-92 -17
-90 -20
-90 -21
-93 -20
-93 -18
-93 -19
-96 -21
-93 -23
-94 -23
-93 -23
-96 -22
-97 -22
-96 -20
-97 -22
-95 -23
-94 -21
-97 -18
-98 -17
-99 -17
-100 -17
