0 67
0 65
-3 65
-2 67
1 68
4 65
2 62
2 63
3 61
3 61
5 58
5 61
4 60
4 59
7 61
5 63
2 63
5 64
6 66
8 66
9 68
10 68
8 71
7 71
8 73
11 76
10 79
13 78
15 76
17 76
17 76
18 76
21 75
19 75
17 75
20 74
19 74
19 74
19 71
16 72
16 69
13 69
16 66
19 66
17 66
16 66
16 67
14 67
15 68
13 66
14 68
16 71
16 72
19 71
20 73
19 73
21 76
18 74
15 72
12 71
12 72
13 70
11 68
13 67
11 66
9 65
12 62
12 64
10 66
13 63
12 64
12 64
14 67
14 65
17 64
16 67
17 68
18 67
15 64
15 64
14 64
14 62
17 62
17 62
15 60
18 57
21 57
21 58
21 56
22 56
23 59
25 62
25 61
24 63
26 63
28 63
31 60
30 60
32 60
32 58
32 60
32 61
32 59
32 60
30 59
31 56
30 55
29 56
31 57
28 58
28 58
28 60
28 58
28 58
28 58
27 55
28 53
29 54
29 54
28 55
30 58
32 58
30 55
30 55
27 54
27 53
25 50
22 52
19 52
22 54
23 51
25 52
26 51
24 49
25 51
26 51
27 53
26 51
27 52
26 51
24 51
21 54
21 57
24 54
23 56
21 55
21 52
21 53
21 53
18 53
16 50
17 50
19 47
17 50
19 52
19 52
19 50
21 48
21 46
21 48
19 48
21 46
20 45
18 43
16 46
18 47
17 50
17 52
19 53
21 53
20 55
21 55
22 54
20 51
23 51
23 48
24 49
24 50
25 50
23 51
24 50
22 47
22 47
21 46
19 44
16 44
19 46
22 48
20 45
18 47
20 45
21 46
23 48
24 49
22 47
20 45
17 42
14 40
14 40
11 38
10 35
9 34
6 32
5 31
3 31
0 34
0 34
-1 35
2 32
-1 35
-3 35
-6 35
-5 35
-5 32
-2 35
-2 36
-1 33
-1 30
1 32
1 30
-1 28
-2 27
-3 25
-3 23
-5 20
-3 22
-5 21
-5 21
-6 20
-8 22
-7 25
-6 26
-6 23
-9 26
-6 25
-9 24
-8 26
-11 26
-11 23
-11 22
-11 19
-9 16
-10 18
-9 17
-12 19
-11 22
-10 21
-7 24
-8 22
-11 23
-14 23
-11 22
-8 19
-10 20
-8 17
-8 19
-7 21
-9 23
-11 21
-11 21
-11 23
-11 22
-11 22
-9 19
-9 20
-12 19
-14 21
-14 18
-11 15
-10 15
-10 15
-9 16
-8 17
-10 15
-13 12
-12 13
-14 11
-14 11
-16 13
-17 13
-19 13
-19 15
-16 15
-15 18
-17 15
-19 16
-18 13
-20 13
-21 13
-21 13
-22 11
-19 11
-21 10
-21 12
-19 12
-18 15
-15 12
-13 13
-16 15
-13 15
-13 13
-15 10
-12 13
-12 15
-13 13
-15 16
-13 14
-11 14
-14 13
-13 12
-12 13
-13 16
-16 15
-16 16
-14 19
-12 22
-12 21
-12 18
-15 16
-12 15
-12 15
-12 14
-10 15
-11 14
-13 17
-10 16
-13 18
-15 17
-16 19
-19 16
-22 16
-21 19
-24 19
-26 19
-24 18
-22 16
-20 17
-23 20
-24 20
-23 20
-23 18
-22 15
-19 18
-19 17
-17 17
-19 19
-16 19
-17 20
-17 18
-16 15
-19 12
-21 11
-19 13
-22 13
-20 11
-23 12
-24 12
-24 15
-26 18
-24 20
-23 21
-21 21
-23 22
-22 23
-22 23
-22 23
-19 22
-22 21
-22 24
-22 26
-24 26
-26 26
-25 25
-25 26
-22 29
-21 28
-24 29
-27 27
-30 27
-32 29
-29 28
-29 26
-31 29
-31 27
-29 30
-28 28
-28 30
-27 30
-24 33
-24 33
-24 35
-23 34
-23 33
-24 36
-22 36
-22 37
-22 35
-22 37
-22 37
-24 35
-26 32
-28 35
-29 38
-31 40
-34 40
-35 40
-37 39
-38 42
-35 43
-38 42
-39 39
-37 37
-37 34
-39 31
-39 30
-40 33
-40 36
-41 38
-40 38
-38 39
-40 39
-38 42
-38 42
-36 39
-37 38
-38 39
-36 38
-37 38
-40 35
-37 37
-39 39
-39 38
-38 36
-38 34
-35 34
-38 32
-38 32
-37 29
-34 27
-31 28
-29 28
-29 30
-28 30
-29 30
-29 27
-27 30
-30 32
-33 33
-32 34
-35 34
-35 34
-34 33
-35 33
-38 33
-40 33
-39 33
-40 35
-40 36
-40 37
-39 36
-39 39
-40 41
-37 39
-37 42
-37 42
-40 42
-40 42
-40 43
-40 46
-37 43
-34 41
-34 41
-36 40
-37 42
-37 39
-39 39
-37 41
-38 43
-36 42
-37 45
-36 47
-36 45
-38 48
-41 51
-43 53
-46 53
-49 50
-46 47
-43 44
-41 44
-41 44
-38 45
-41 46
-40 43
-43 43
-41 43
-42 46
-40 47
-43 45
-40 47
-42 48
-39 51
-38 51
-41 49
-39 49
-39 49
-37 48
-38 51
-41 48
-39 50
-36 53
-35 55
-32 56
-32 55
-34 54
-31 51
-30 48
-30 45
-33 44
-36 44
-36 45
-34 46
-31 45
-31 42
-32 41
-35 38
-36 39
-33 36
-33 34
-35 34
-35 37
-35 35
-32 34
-34 34
-36 35
-35 38
-35 36
-34 36
-36 35
-39 35
-37 38
-36 40
-38 37
-35 36
-38 38
-36 35
-37 36
-35 38
-38 35
-39 35
-38 35
-36 35
-39 38
-38 37
-38 36
-41 36
-42 36
-42 34
-44 35
-41 35
-43 32
-45 31
-45 33
-45 33
-47 33
-47 32
-45 32
-46 34
-46 31
-45 34
-46 34
-46 34
-46 33
-46 33
-46 35
-46 37
-44 34
-42 34
-40 31
-37 31
-40 32
-40 29
-39 32
-39 30
-39 28
-37 31
-37 34
-38 31
-38 29
-38 26
-37 23
-38 23
-36 25
-39 26
-41 26
-39 27
-42 28
-42 25
-39 26
-39 26
-36 24
-33 23
-35 21
-32 18
-32 20
-32 20
-32 17
-29 16
-29 17
-30 14
-32 14
-35 14
-37 13
-36 14
-36 14
-36 11
-35 10
-36 10
-34 10
-33 9
-31 7
-33 10
-35 7
-37 4
-36 4
-36 1
-39 1
-42 2
-39 1
-37 2
-37 3
-36 3
-37 0
-37 1
-36 0
-36 0
-39 -2
-42 -5
-39 -2
-38 -5
-38 -7
-41 -6
-41 -6
-40 -3
-37 -3
-38 -5
-36 -2
-38 -5
-41 -4
-41 -4
-44 -1
-44 0
-46 1
-48 2
-51 4
-52 4
-50 4
-52 4
-55 1
-52 -1
-54 2
-57 2
-59 2
-59 5
-59 8
-59 8
-62 8
-62 11
-62 14
-61 14
-60 13
-59 16
-56 18
-59 19
-58 17
-57 17
-60 19
-57 20
-59 21
-56 21
-56 20
-56 19
-58 19
-57 19
-57 21
-58 23
-59 26
-61 29
-63 26
-63 26
-62 26
-61 23
-58 23
-55 20
-55 19
-58 19
-61 17
-62 16
-62 15
-59 16
-59 16
-60 16
-59 18
-59 16
-59 16
-60 16
-60 14
-59 17
-61 18
-61 16
-61 15
-58 16
-58 18
-61 16
-61 15
-62 16
-63 15
-61 16
-63 13
-61 15
-61 14
-64 16
-65 16
-66 18
-63 15
-62 12
-59 11
-62 11
-62 14
-60 14
-57 14
-57 16
-59 18
-59 21
-62 20
-61 23
-64 24
-66 25
-65 24
-67 25
-69 25
-72 27
-73 27
-72 27
-70 30
-69 30
-70 27
-73 28
-72 25
-74 23
-76 21
-77 23
-78 23
-80 21
-80 23
-80 26
-81 25
-79 28
-77 25
-80 23
-77 25
-76 27
-75 29
-75 30
-72 30
-73 30
-73 33
-72 36
-73 36
-71 37
-69 40
-67 42
-65 41
-64 40
-65 41
-66 42
-63 41
-64 39
-61 39
-61 42
-58 42
-59 40
-59 43
-61 42
-61 45
-59 44
-61 41
-62 38
-61 37
-62 37
-64 40
-64 42
-63 42
-61 45
-60 47
-58 45
-60 45
-61 48
-64 45
-64 46
-62 45
-62 48
-62 45
-61 44
-61 44
-62 42
-59 41
-59 40
-61 37
-61 39
-60 39
-60 42
-57 45
-59 44
-58 46
-56 43
-54 43
-52 40
-50 42
-51 41
-52 38
-50 37
-52 35
-51 37
-49 38
-51 36
-48 37
-50 35
-53 37
-56 36
-57 37
-57 39
-58 37
-58 37
-56 38
-54 41
-54 39
-54 38
-51 41
-49 41
-49 43
-48 43
-48 41
-47 38
-49 38
-50 36
-50 36
-50 39
-48 36
-45 33
-45 33
-45 31
-47 32
-45 29
-42 29
-39 26
-39 26
-39 26
-39 29
-40 30
-40 33
-40 32
-39 29
-39 28
-41 28
-38 31
-39 33
-41 30
-44 27
-43 24
-41 24
-39 24
-39 23
-39 24
-42 21
-44 21
-44 21
-41 23
-39 22
-39 21
-40 20
-40 21
-41 21
-42 20
-40 20
-39 21
-39 21
-39 18
-37 19
-36 19
-36 22
-39 24
-37 26
-34 26
-34 28
-36 31
-38 30
-39 29
-42 31
-42 32
-42 34
-43 34
-43 34
-43 34
-40 35
-37 35
-37 37
-37 36
-37 39
-34 39
-32 39
-32 41
-30 42
-28 44
-28 47
-28 50
-29 48
-31 48
-33 45
-33 47
-35 46
-36 44
-34 43
-31 44
-31 44
-30 43
-32 42
-30 39
-29 38
-30 37
-30 37
-29 34
-29 31
-26 28
-26 29
-27 27
-27 28
-24 30
-27 30
-29 27
-31 27
-29 28
-29 29
-28 31
-30 31
-30 30
-28 30
-26 30
-24 33
-22 30
-22 30
-24 27
-24 27
-26 30
-23 32
-24 35
-27 35
-26 36
-24 37
-23 35
-25 38
-28 35
-31 35
-31 37
-33 40
-33 40
-35 38
-35 40
-32 38
-34 40
-33 40
-32 39
-29 39
-29 39
-31 38
-32 38
-32 37
-29 34
-32 34
-34 32
-32 30
-32 27
-29 24
-32 27
-31 26
-34 29
-32 28
-30 28
-28 31
-31 31
-31 31
-33 34
-35 34
-35 33
-34 36
-35 36
-38 37
-38 37
-41 36
-43 35
-45 32
-45 33
-44 35
-44 35
-47 33
-47 32
-46 32
-46 32
-45 31
-47 31
-45 29
-44 29
-44 29
-44 32
-46 31
-48 32
-49 32
-51 31
-54 34
-52 31
-54 31
-53 30
-52 32
-54 29
-54 32
-54 32
-53 31
-51 30
-48 32
-47 29
-44 31
-47 34
-45 35
-45 37
-45 37
-45 40
-46 42
-44 43
-47 43
-48 40
-49 40
-47 37
-50 34
-53 34
-53 34
-56 34
-54 36
-54 34
-51 36
-54 35
-51 35
-51 35
-49 35
-49 35
-49 33
-49 34
-49 34
-51 31
-51 30
-51 30
-52 32
-54 32
-55 30
-57 32
-56 30
-53 28
-54 25
-54 22
-55 23
-52 23
-52 23
-52 22
-50 23
-48 23
-51 21
-53 23
-56 26
-55 25
-57 24
-57 23
-60 20
-57 20
-55 18
-55 18
-52 20
-55 18
-53 19
-52 21
-55 21
-57 24
-58 21
-57 19
-58 19
-58 16
-57 16
-60 17
-57 19
-57 19
-58 20
-56 22
-56 19
-53 18
-50 20
-47 21
-50 21
-47 21
-49 21
-48 18
-49 18
-48 15
-51 18
-48 20
-50 22
-51 24
-54 24
-51 27
-51 30
-54 28
-57 26
-58 27
-57 24
-56 26
-57 26
-58 24
-58 24
-60 23
-60 24
-63 26
-66 26
-63 25
-60 27
-58 27
-56 24
-56 25
-57 27
-60 30
-61 32
-61 30
-58 30
-60 28
-59 28
-56 29
-56 32
-56 35
-53 38
-55 36
-58 36
-57 39
-59 41
-61 42
-62 44
-64 47
-65 47
-68 47
-71 47
-68 47
-67 44
-69 42
-71 42
-69 43
-67 42
-66 43
-66 42
-67 42
-69 43
-70 40
-71 39
-73 38
-76 36
-74 33
-76 30
-75 30
-75 28
-75 29
-72 28
-72 27
-69 30
-70 31
-71 29
-70 26
-70 26
-70 24
-73 24
-76 21
-79 21
-76 21
-76 19
-76 18
-77 18
-77 17
-75 19
-78 22
-75 22
-77 20
-77 17
-79 20
-79 22
-79 22
-82 19
-82 19
-79 18
-79 21
-79 21
-76 21
-75 18
-75 15
-75 17
-77 15
-75 16
-72 14
-73 11
-70 10
-67 10
-67 12
-70 13
-68 15
-68 17
-67 20
-64 23
-61 22
-64 22
-63 20
-63 18
-65 21
-62 19
-61 16
-60 19
-62 19
-63 17
-62 20
-61 23
-61 21
-60 23
-57 24
-57 24
-60 21
-60 23
-58 23
-58 21
-61 23
-58 21
-58 20
-58 22
-58 23
-59 20
-56 21
-55 21
-58 21
-58 23
-60 23
-59 21
-60 24
-60 21
-60 19
-61 18
-61 20
-62 18
-59 16
-61 14
-61 14
-60 14
-61 14
-61 15
-58 12
-56 14
-58 15
-55 12
-53 13
-56 10
-53 13
-55 13
-53 13
-55 15
-58 18
-56 18
-56 18
-54 19
-54 17
-56 19
-53 16
-51 18
-49 18
-48 21
-47 21
-47 21
-45 20
-44 23
-43 23
-45 24
-42 21
-41 24
-42 22
-39 21
-39 21
-41 19
-41 21
-40 20
-38 20
-37 23
-37 23
-34 23
-36 24
-33 23
-33 22
-33 22
-33 22
-35 23
-33 25
-34 25
-34 26
-35 28
-36 30
-38 33
-38 35
-38 38
-35 41
-36 44
-38 42
-41 44
-41 44
-40 46
-38 43
-36 45
-36 42
-33 42
-34 39
-37 37
-34 40
-37 39
-39 37
-40 40
-40 37
-42 39
-39 38
-41 38
-41 38
-41 38
-41 35
-41 35
-44 37
-47 40
-45 37
-42 38
-44 36
-42 33
-42 30
-43 32
-42 32
-44 31
-45 30
-42 31
-43 29
-45 27
-48 26
-46 25
-48 23
-50 24
-50 24
-52 24
-53 27
-56 28
-53 26
-50 26
-48 26
-48 23
-45 23
-45 24
-48 26
-45 23
-43 22
-45 23
-47 23
-44 20
-47 17
-47 19
-46 21
-43 23
-46 21
-46 24
-46 24
-47 25
-49 22
-47 24
-48 27
-45 27
-47 29
-47 28
-49 28
-52 29
-54 29
-54 29
-56 31
-54 34
-54 34
-54 33
-57 36
-57 33
-55 34
-55 35
-55 37
-56 36
-59 37
-58 38
-61 37
-59 40
-57 42
-54 44
-51 47
-48 44
-47 44
-50 42
-48 45
-46 45
-48 45
-48 44
-45 42
-46 41
-46 40
-47 40
-46 40
-43 40
-41 38
-41 35
-42 32
-45 29
-43 30
-43 33
-41 32
-44 31
-47 32
-44 32
-44 31
-43 32
-41 35
-38 38
-41 39
-38 38
-38 41
-38 41
-35 41
-37 44
-36 44
-39 44
-42 44
-44 42
-44 39
-44 36
-44 36
-46 36
-45 39
-45 41
-43 38
-45 37
-44 40
-41 40
-44 38
-41 36
-41 36
-43 37
-43 36
-43 34
-41 31
-41 32
-39 30
-36 27
-36 27
-36 27
-34 24
-37 25
-37 28
-37 29
-39 32
-36 31
-33 34
-30 33
-28 33
-28 31
-27 31
-25 28
-25 27
-27 29
-27 26
-29 24
-27 24
-24 24
-27 26
-27 26
-24 26
-25 29
-28 27
-26 27
-27 27
-24 28
-23 28
-23 27
-20 28
-20 28
-19 28
-16 28
-13 31
-12 31
-14 33
-16 33
-16 33
-14 34
-14 34
-14 34
-14 36
-15 36
-15 36
-12 34
-14 34
-14 36
-12 38
-10 37
-10 37
-12 40
-9 43
-6 46
-7 45
-9 42
-7 39
-6 42
-6 43
-7 46
-8 49
-10 46
-8 46
-5 46
-5 44
-5 46
-3 48
-5 47
-5 44
-8 46
-5 46
-5 45
-5 48
-5 47
-5 49
-5 50
-3 47
0 50
2 49
1 48
3 51
2 49
3 51
3 48
4 48
5 48
3 48
4 50
2 48
4 45
3 44
5 41
5 42
8 39
8 39
7 41
8 39
8 37
8 37
9 36
9 34
11 36
9 34
7 32
5 30
4 29
1 31
-1 31
-4 31
-5 34
-4 35
-4 33
-5 36
-3 34
-3 37
-4 35
-2 33
0 30
2 31
-1 33
-3 36
-5 33
-6 33
-7 35
-9 34
-11 32
-11 29
-9 31
-10 33
-7 34
-6 34
-3 31
-4 31
-4 31
-7 28
-7 26
-9 28
-9 28
-9 31
-12 33
-13 30
-14 31
-17 28
-19 26
-17 28
-15 28
-13 26
-13 26
-15 23
-16 24
-16 22
-13 20
-16 23
-15 24
-18 24
-21 21
-19 21
-19 21
-21 20
-20 19
-17 22
-17 20
-17 22
-20 22
-18 22
-17 24
-15 26
-16 25
-17 27
-17 26
-14 23
-15 26
-18 25
-19 27
-16 27
-14 27
-13 25
-14 25
-12 25
-11 25
-8 22
-5 24
-4 24
-2 24
-3 22
-2 23
-2 23
-4 21
-4 22
-4 22
-4 21
-6 24
-6 21
-6 19
-9 16
-12 13
-13 16
-13 17
-13 17
-12 15
-9 18
-7 18
-5 20
-7 18
-10 16
-12 14
-11 14
-12 15
-9 17
-11 14
-11 14
-13 12
-14 11
-15 10
-16 9
-16 9
-19 6
-19 6
-19 8
-20 9
-21 10
-18 13
-15 13
-17 10
-17 8
-18 7
-17 10
-20 9
-23 10
-24 10
-24 10
-24 8
-27 11
-30 9
-32 6
-35 9
-34 8
-32 5
-30 3
-32 3
-32 0
-31 -1
-33 -4
-33 -7
-30 -5
-32 -7
-33 -8
-36 -5
-36 -3
-39 -2
-37 0
-34 -1
-35 -4
-35 -4
-33 -3
-33 -4
-34 -1
-32 -2
-32 -1
-29 -2
-32 -2
-33 -2
-30 1
-29 1
-30 -1
-28 2
-27 5
-28 2
-26 0
-25 0
-27 -2
-29 -4
-32 -4
-29 -3
-31 -3
-32 0
-32 1
-29 3
-30 6
-32 6
-35 6
-35 5
-33 4
-31 5
-28 5
-28 2
-26 1
-27 -1
-29 -3
-30 -4
-31 -5
-32 -5
-30 -2
-27 1
-27 1
-28 1
-26 4
-26 6
-23 5
-25 3
-24 1
-27 -2
-28 -3
-30 -5
-33 -8
-33 -8
-33 -8
-33 -7
-33 -5
-31 -4
-31 -1
-33 -1
-31 -1
-29 -4
-31 -6
-31 -4
-31 -1
-29 0
-31 -3
-30 -5
-30 -5
-33 -8
-33 -8
-34 -9
-34 -9
-34 -8
-34 -8
-37 -5
-39 -8
-39 -5
-36 -4
-35 -6
-32 -7
-32 -7
-34 -9
-35 -10
-36 -10
-38 -11
-39 -9
-37 -10
-40 -7
-41 -8
-42 -6
-44 -4
-46 -1
-46 -1
-48 1
-47 -1
-50 0
-47 -2
-44 -2
-41 -2
-43 -1
-46 2
-44 1
-45 0
-42 -3
-42 -2
-45 -4
-42 -5
-42 -6
-39 -3
-41 -3
-44 -5
-47 -7
-50 -7
-47 -9
-50 -11
-50 -11
-53 -12
-53 -9
-50 -10
-50 -11
-51 -12
-52 -12
-49 -9
-51 -10
-51 -7
-53 -7
-53 -8
-53 -9
-51 -10
-54 -7
-51 -7
-49 -7
-51 -9
-54 -10
-57 -13
-56 -14
-55 -14
-52 -11
-54 -10
-54 -12
-54 -14
-51 -16
-54 -16
-56 -17
-56 -19
-56 -20
-55 -18
-56 -20
-59 -23
-61 -21
-63 -19
-60 -21
-60 -18
-57 -18
-57 -21
-60 -22
-58 -23
-59 -24
-61 -26
-61 -26
-61 -23
-63 -23
-65 -20
-65 -22
-68 -19
-66 -19
-63 -19
-65 -20
-67 -19
-70 -21
-70 -21
-73 -22
-73 -19
-70 -21
-72 -21
-75 -24
-78 -21
-78 -23
-79 -23
-79 -26
-78 -26
-81 -26
-84 -24
-85 -26
-87 -23
-84 -25
-86 -24
-86 -21
-83 -22
-82 -23
-80 -25
-83 -24
-83 -27
-80 -28
-77 -27
-78 -25
-76 -28
-76 -27
-74 -27
-73 -27
-72 -26
-73 -26
-73 -25
-72 -28
-70 -31
-69 -32
-69 -29
-66 -29
-66 -31
-69 -32
-69 -33
-67 -35
-69 -32
-70 -32
-67 -33
-68 -33
-70 -35
-72 -32
-72 -33
-74 -33
-71 -33
-70 -31
-70 -31
-70 -30
-67 -29
-70 -26
-73 -25
-73 -25
-73 -23
-73 -23
-70 -22
-67 -20
-65 -17
-66 -17
-64 -16
-65 -19
-68 -20
-70 -22
-70 -21
-71 -24
-71 -24
-71 -27
-70 -27
-73 -27
-72 -27
-69 -24
-71 -26
-71 -25
-72 -25
-72 -28
-72 -28
-72 -25
-73 -26
-70 -23
-69 -22
-72 -25
-72 -23
-71 -23
-73 -20
-71 -21
-72 -18
-70 -20
-73 -22
-76 -21
-78 -21
-78 -24
-81 -21
-84 -19
-82 -20
-83 -21
-85 -22
-83 -22
-80 -22
-77 -25
-76 -27
-74 -27
-77 -27
-79 -27
-76 -28
-78 -28
-76 -28
-76 -27
-74 -26
-77 -25
-76 -24
-73 -26
-72 -26
-73 -26
-73 -28
-71 -28
-68 -28
-71 -29
-71 -27
-68 -30
-67 -30
-68 -30
-68 -27
-69 -27
-72 -24
-72 -27
-75 -27
-73 -30
-76 -27
-75 -27
-75 -30
-74 -32
-77 -34
-77 -31
-77 -34
-78 -37
-80 -40
-82 -39
-84 -37
-81 -36
-78 -35
-80 -37
-80 -34
-82 -37
-85 -35
-87 -32
-85 -32
-86 -34
-88 -34
-90 -37
-88 -37
-85 -39
-87 -41
-90 -42
-91 -41
-92 -41
-93 -39
-93 -36
-93 -38
-95 -38
-93 -38
-96 -35
-99 -34
-100 -34
-100 -33
-100 -33
-98 -33
-97 -35
-97 -35
-97 -33
-97 -36
-97 -37
-99 -40
-100 -41
-98 -41
-100 -38
-100 -40
-99 -39
-100 -40
-97 -37
-97 -39
-100 -39
-100 -39
-100 -36
-99 -34
-100 -34
-100 -33
-100 -31
-98 -31
-96 -30
-94 -32
-95 -29
-95 -32
-95 -32
-94 -32
-93 -32
-90 -30
-87 -30
-87 -30
-88 -32
-89 -29
-88 -29
-88 -32
-91 -34
-91 -34
-89 -32
-87 -35
-90 -36
-93 -36
-96 -37
-94 -37
-91 -35
-91 -37
-88 -34
-88 -31
-87 -28
-84 -28
-84 -26
-87 -26
-87 -23
-88 -23
-86 -22
-86 -22
-88 -23
-88 -24
-90 -21
-92 -24
-90 -22
-90 -24
-90 -21
-87 -23
-85 -21
-85 -21
-85 -20
-88 -19
-89 -21
-89 -21
-92 -19
-92 -18
-94 -16
-94 -14
-97 -14
-97 -15
-95 -15
-98 -16
-97 -16
-96 -17
-96 -19
-99 -18
-98 -20
-95 -19
-98 -22
-96 -19
-95 -18
-92 -19
-90 -18
-93 -20
-93 -21
-94 -21
-92 -24
-93 -24
-96 -21
-98 -18
-95 -21
-94 -22
-92 -23
-91 -22
-93 -23
-96 -22
-96 -23
-97 -24
-94 -23
-93 -22
-94 -21
-94 -22
-91 -22
-90 -25
-92 -25
-93 -25
-95 -28
-97 -28
-97 -27
-95 -26
-94 -26
-96 -26
-99 -28
-98 -27
-98 -30
-97 -29
-94 -27
-92 -30
-93 -28
-90 -29
-91 -26
-88 -28
-86 -28
-85 -25
-82 -28
-81 -28
-82 -26
-82 -28
-80 -26
-80 -26
-78 -29
-81 -26
-79 -25
-82 -25
-85 -23
-84 -20
-83 -23
-80 -26
-78 -28
-81 -26
-83 -23
-80 -20
-78 -21
-79 -18
-82 -16
-80 -13
-81 -12
-81 -10
-83 -11
-85 -12
-83 -12
-83 -12
-81 -13
-83 -16
-86 -14
-83 -14
-81 -14
-81 -15
-84 -14
-84 -15
-84 -16
-82 -15
-82 -18
-82 -18
-84 -21
-84 -20
-85 -20
-82 -21
-85 -21
-85 -21
-85 -21
-82 -23
-80 -25
-77 -25
-77 -28
-79 -30
-80 -31
-81 -28
-81 -28
-84 -26
-81 -24
-80 -23
-79 -22
-79 -20
-80 -19
-80 -19
-77 -19
-77 -19
-80 -22
-81 -21
-78 -24
-76 -22
-73 -25
-70 -26
-70 -24
-70 -27
-70 -27
-70 -26
-72 -23
-72 -21
-72 -18
-69 -21
-70 -20
-71 -19
-72 -18
-74 -15
-72 -14
-71 -12
-73 -14
-76 -12
-74 -10
-74 -10
-72 -12
-70 -12
-73 -12
-75 -10
-72 -10
-72 -8
-71 -5
-71 -7
-68 -6
-67 -6
-66 -6
-63 -4
-65 -1
-67 -4
-70 -4
-72 -5
-73 -8
-71 -5
-72 -4
-75 -2
-72 -4
-72 -5
-73 -5
-75 -3
-73 -5
-71 -6
-69 -6
-66 -7
-64 -9
-67 -9
-69 -6
-66 -7
-66 -6
-67 -5
-67 -4
-70 -5
-67 -4
-70 -7
-72 -8
-70 -6
-72 -5
-69 -6
-66 -9
-64 -9
-62 -7
-65 -7
-66 -7
-63 -6
-63 -7
-66 -10
-63 -12
-64 -12
-64 -10
-64 -11
-67 -12
-68 -10
-66 -11
-64 -10
-64 -7
-64 -4
-64 -4
-66 -4
-66 -2
-67 -1
-67 -3
-64 -2
-66 -1
-64 -3
-65 -4
-65 -7
-66 -5
-64 -4
-67 -7
-64 -7
-62 -7
-62 -6
-60 -6
-57 -3
-58 -5
-60 -5
-61 -4
-59 -6
-56 -7
-58 -7
-58 -8
-55 -8
-58 -9
-61 -9
-61 -6
-61 -9
-62 -9
-59 -12
-59 -13
-56 -15
-57 -12
-58 -15
-61 -14
-61 -17
-61 -14
-61 -16
-58 -19
-58 -18
-61 -19
-62 -22
-60 -22
-63 -20
-63 -20
-63 -20
-60 -20
-62 -19
-65 -16
-68 -15
-69 -15
-69 -15
-67 -12
-66 -15
-64 -18
-64 -20
-61 -23
-58 -22
-59 -25
-59 -24
-59 -21
-59 -23
-56 -23
-53 -26
-52 -26
-54 -29
-54 -29
-57 -29
-57 -29
-57 -29
-55 -29
-57 -27
-60 -30
-63 -33
-63 -33
-63 -30
-62 -27
-59 -29
-59 -31
-62 -30
-62 -28
-59 -27
-59 -28
-59 -28
-62 -25
-64 -26
-61 -23
-61 -25
-61 -25
-59 -25
-59 -23
-62 -23
-60 -22
-59 -25
-60 -23
-59 -26
-62 -24
-61 -22
-61 -22
-61 -22
-59 -22
-62 -21
-62 -24
-59 -23
-61 -26
-64 -24
-64 -26
-64 -28
-64 -28
-64 -25
-62 -28
-64 -28
-61 -28
-63 -31
-62 -32
-65 -29
-62 -31
-60 -32
-58 -31
-60 -31
-60 -31
-57 -29
-56 -29
-56 -26
-54 -27
-57 -29
-56 -31
-57 -32
-60 -35
-63 -38
-66 -41
-67 -42
-70 -40
-70 -40
-69 -41
-66 -38
-65 -40
-66 -37
-69 -34
-72 -37
-73 -37
-73 -35
-73 -32
-73 -33
-72 -33
-69 -33
-69 -30
-69 -30
-70 -33
-70 -36
-70 -38
-68 -39
-65 -37
-68 -34
-70 -34
-70 -37
-71 -37
-71 -37
-68 -36
-69 -37
-72 -34
-72 -31
-69 -30
-72 -28
-75 -26
-75 -28
-75 -29
-75 -32
-78 -29
-76 -31
-75 -33
-75 -30
-73 -32
-76 -35
-73 -34
-73 -33
-71 -36
-68 -39
-70 -39
-70 -36
-71 -33
-72 -33
-73 -35
-74 -35
-74 -37
-73 -36
-73 -34
-70 -32
-67 -33
-67 -34
-67 -32
-70 -32
-69 -33
-69 -31
-67 -32
-67 -31
-68 -30
-66 -32
-68 -32
-69 -33
-70 -36
-72 -36
-73 -36
-73 -34
-73 -36
-76 -39
-78 -40
-81 -37
-82 -37
-83 -37
-86 -40
-84 -39
-83 -38
-82 -38
-79 -38
-76 -36
-73 -35
-72 -32
-74 -35
-74 -35
-76 -36
-74 -36
-74 -34
-77 -32
-78 -30
-78 -27
-78 -24
-81 -22
-80 -20
-82 -21
-84 -23
-84 -20
-86 -19
-86 -18
-83 -18
-85 -20
-86 -19
-83 -18
-81 -18
-82 -18
-84 -18
-83 -17
-81 -18
-84 -20
-86 -21
-83 -19
-84 -18
-87 -15
-86 -18
-85 -16
-86 -18
-89 -18
-88 -15
-90 -17
-92 -17
-94 -19
-94 -20
-96 -18
-95 -18
-94 -16
-94 -14
-96 -16
-96 -15
-97 -13
-96 -11
-96 -11
-96 -9
-99 -11
-100 -14
-100 -12
-98 -11
-97 -8
-99 -5
-100 -2
-100 -1
-98 0
-95 -1
-92 1
-93 1
-94 2
-96 -1
-94 0
-97 0
-96 -3
-94 -3
-93 -1
-95 -1
-92 -1
-93 1
-95 1
-98 1
-96 1
-98 2
-100 4
-100 4
-100 4
-97 5
-94 4
-97 7
-95 7
-92 10
-91 9
-88 10
-91 9
-91 9
-93 9
-93 9
-93 6
-92 8
-90 9
-93 10
-96 13
-97 14
-100 12
-100 12
-100 12
-100 15
-100 14
-99 14
-100 15
-100 13
-100 13
-100 11
-99 10
-100 11
-97 11
-96 11
-93 10
-90 13
-89 12
-88 9
-91 9
-91 10
-91 7
-91 7
-91 6
-90 3
-88 3
-90 2
-90 -1
-93 1
-96 3
-96 2
-94 5
-96 7
-97 8
-94 11
-94 11
-97 12
-94 14
-97 13
-98 14
-100 13
-98 10
-98 12
-96 12
-96 11
-98 10
-95 10
-95 10
-93 7
-92 7
-90 6
-93 3
-90 1
-89 1
-87 2
-87 2
-88 3
-89 1
-86 0
-89 1
-87 0
-90 -2
-93 -2
-93 -3
-91 -5
-94 -8
-93 -7
-92 -5
-95 -4
-94 -5
-91 -3
-90 0
-93 -2
-95 -3
-98 -4
-100 -6
-100 -3
-100 -3
-100 -1
-100 -3
-100 -1
-97 -2
-96 -4
-98 -5
-98 -7
-99 -9
-99 -9
-97 -8
-99 -7
-97 -10
-100 -7
-100 -9
-100 -11
-100 -10
-99 -9
-100 -7
-100 -7
-98 -4
-97 -5
-98 -8
-96 -8
-94 -5
-93 -5
-94 -5
-96 -7
-96 -6
-96 -3
-97 -1
-98 -4
-95 -6
-92 -4
-93 -2
-90 -5
-90 -4
-92 -5
-95 -4
-95 -4
-98 -4
-95 -6
-97 -7
-94 -7
-92 -5
-93 -5
-93 -3
-92 -1
-95 -3
-97 -2
-97 -3
-99 -3
-100 -5
-100 -8
-100 -6
-100 -7
-100 -7
-98 -8
-96 -5
-96 -5
-97 -8
-94 -11
-96 -10
-99 -8
-98 -10
-99 -11
-100 -10
-99 -13
-99 -10
-97 -7
-100 -4
-97 -4
-97 -4
-95 -2
-96 -2
-98 -3
-98 -3
-99 -6
-100 -6
-100 -6
-98 -7
-98 -10
-97 -7
-98 -10
-99 -7
-98 -7
-99 -7
-100 -6
-100 -3
-100 -4
-98 -4
-98 -4
-97 -4
-98 -3
-99 -6
-96 -6
-94 -5
-93 -3
-93 -5
-91 -6
-89 -9
-88 -6
-87 -6
-87 -3
-90 -5
-88 -4
-90 -4
-87 -3
-87 -3
-86 -4
-89 -5
-91 -6
-91 -9
-93 -12
-92 -12
-95 -11
-96 -14
-95 -17
-95 -17
-96 -20
-95 -19
-95 -22
-96 -22
-99 -25
-100 -25
-99 -27
-96 -25
-98 -22
-99 -20
-96 -22
-95 -23
-96 -25
-94 -27
-93 -26
-91 -26
-91 -25
-90 -28
-91 -31
-89 -31
-86 -28
-89 -25
-91 -24
-93 -24
-95 -24
-95 -24
-93 -22
-93 -25
-93 -24
-95 -23
-92 -22
-94 -25
-92 -25
-92 -24
-92 -24
-90 -27
-90 -28
-93 -27
-93 -25
-93 -26
-96 -28
-93 -30
-94 -30
-93 -30
-96 -29
-97 -29
-96 -27
-97 -29
-95 -30
-94 -28
-97 -25
-98 -24
-99 -24
-100 -24
-100 -24
-100 -25
-100 -24
-100 -21
-100 -21
-99 -21
-96 -24
-93 -26
-93 -25
-91 -25
-93 -22
-94 -19
-97 -22
-99 -22
-99 -21
-100 -19
-99 -19
-96 -21
-93 -18
-96 -18
-96 -19
-96 -19
-93 -22
-96 -22
-93 -24
-91 -26
-93 -26
-93 -26
-90 -27
-92 -25
-90 -25
-89 -25
-90 -26
-90 -27
-92 -29
-91 -29
-92 -29
-93 -29
-93 -29
-92 -28
-95 -28
-96 -28
-93 -29
-94 -30
-93 -29
-93 -32
-95 -32
-92 -33
-91 -33
-92 -32
-90 -34
-89 -35
-91 -35
-91 -38
-93 -35
-96 -37
-99 -37
-96 -36
-97 -37
-96 -38
-98 -40
-99 -40
-100 -42
-100 -44
-98 -45
-100 -45
-98 -45
-99 -45
-99 -43
-96 -45
-97 -48
-95 -51
-95 -49
-98 -47
-98 -45
-98 -45
-97 -44
-96 -45
-98 -44
-100 -42
-100 -45
-99 -48
-96 -48
-93 -48
-96 -50
-96 -51
-93 -49
-94 -52
-96 -53
-95 -51
-98 -51
-99 -54
-100 -52
-97 -54
-97 -56
-96 -58
-97 -55
-97 -56
-97 -55
