75 100
73 100
75 100
74 100
76 100
72 97
69 99
69 100
68 100
70 100
70 98
70 100
69 98
71 96
73 99
70 100
72 100
71 100
74 99
72 100
74 100
72 97
75 100
74 100
71 100
68 99
71 99
68 96
69 94
66 94
63 91
63 92
64 89
63 88
64 89
63 88
61 87
60 85
58 83
58 83
55 80
52 77
52 77
51 77
50 80
52 79
53 80
55 82
55 82
56 82
53 82
55 80
53 83
52 82
49 79
47 80
49 79
48 79
48 80
50 83
51 85
51 83
51 82
51 79
52 77
52 80
54 80
52 81
55 84
55 84
54 85
51 83
49 83
47 84
45 84
47 87
45 90
46 93
46 91
46 94
46 92
48 94
46 95
47 96
47 97
49 94
47 96
50 98
52 97
54 96
54 96
54 94
54 95
54 92
54 91
57 88
58 88
55 88
57 89
59 92
57 92
55 93
54 96
53 94
50 94
50 95
52 97
52 98
55 97
53 100
54 99
54 100
52 100
55 100
58 100
56 100
57 99
59 96
59 98
60 99
61 99
61 100
62 100
62 100
64 100
66 97
64 94
64 92
65 91
63 88
62 88
61 88
61 88
63 88
63 91
64 91
64 89
64 89
64 89
63 88
61 86
59 84
59 87
61 86
61 86
59 86
56 86
54 88
54 88
54 87
54 85
57 82
56 81
53 78
51 76
53 79
51 82
54 81
51 81
51 78
48 78
47 79
49 81
47 78
48 77
45 75
46 77
43 78
46 81
48 79
45 82
43 82
40 84
43 81
41 84
41 82
38 80
41 81
42 80
41 80
39 79
39 77
37 77
35 80
38 81
40 81
39 82
36 83
36 85
34 87
32 87
34 90
34 89
37 88
38 90
36 89
36 87
36 89
37 86
37 85
37 87
37 89
40 88
40 89
38 89
41 92
43 90
40 91
39 88
42 87
44 88
42 87
45 87
48 88
51 88
51 86
49 86
49 83
51 80
48 81
49 84
49 83
49 85
52 83
49 82
49 82
52 83
52 82
50 81
51 80
54 83
54 86
54 83
57 83
55 81
54 82
55 82
53 80
52 80
53 78
51 80
52 77
51 80
52 81
54 83
53 80
52 77
51 77
51 76
52 77
50 75
49 76
48 73
48 75
47 72
44 75
43 75
43 77
43 80
44 80
42 78
42 80
42 79
40 79
43 82
44 81
41 82
41 82
40 85
40 87
43 84
41 87
42 87
40 87
43 87
46 84
49 87
50 87
49 88
49 85
52 85
52 86
52 87
53 89
56 90
53 92
51 94
51 96
52 95
54 96
57 99
57 100
56 98
55 99
52 97
50 94
50 92
52 91
50 93
52 93
53 92
53 94
56 92
57 93
55 93
56 90
53 87
56 84
53 82
54 79
55 80
57 82
55 80
53 80
54 79
52 77
50 75
50 76
48 73
48 73
48 73
46 73
46 72
46 71
46 71
45 71
45 70
45 70
42 67
43 70
43 72
45 72
43 71
41 68
40 71
43 69
41 66
41 66
42 67
40 65
39 65
40 65
37 62
35 60
33 58
34 59
34 60
32 61
34 60
37 62
40 65
40 65
38 63
37 64
37 66
35 63
36 64
33 64
34 61
36 61
37 64
40 67
41 68
40 70
37 73
34 73
36 75
33 73
32 73
35 73
38 74
38 74
40 74
40 74
42 74
41 76
40 77
38 78
36 80
34 78
34 75
36 74
35 76
34 73
35 70
38 70
36 69
36 69
39 69
39 72
39 75
37 72
36 71
33 69
33 67
35 65
34 65
31 67
30 67
32 67
34 67
32 70
29 70
29 70
28 72
26 74
28 74
26 74
23 76
20 79
18 82
19 84
19 81
21 84
23 87
24 86
21 84
18 82
21 85
22 82
22 84
25 85
24 83
25 83
25 85
23 82
25 81
23 80
26 77
27 77
24 77
21 76
20 74
23 74
22 73
20 71
23 74
26 77
25 75
27 75
24 77
21 77
22 79
20 79
18 81
16 81
15 84
18 83
18 80
17 78
20 78
21 79
24 77
25 76
24 79
22 82
24 83
27 86
25 83
25 85
27 84
26 87
26 90
24 90
24 87
27 87
25 87
28 90
28 93
26 96
24 98
24 95
25 96
26 99
23 96
22 96
19 93
16 90
13 91
13 88
10 85
8 84
9 87
6 88
5 89
4 89
1 92
2 94
0 96
-2 98
-2 98
-1 96
-2 94
-2 96
-5 96
-5 98
-5 100
-4 98
-5 100
-7 100
-10 99
-7 100
-8 100
-7 100
-4 98
-2 99
-4 100
-7 100
-4 100
-7 100
-10 100
-13 100
-14 98
-16 100
-17 100
-17 100
-18 100
-18 99
-18 100
-15 98
-15 100
-15 97
-14 100
-14 100
-13 99
-14 97
-14 97
-15 95
-12 95
-14 93
-11 90
-11 91
-11 90
-14 89
-11 86
-11 86
-13 85
-14 86
-15 85
-15 84
-14 83
-16 83
-14 84
-13 81
-11 78
-11 80
-11 80
-8 79
-8 81
-9 80
-6 82
-6 81
-7 80
-8 78
-9 78
-7 79
-6 81
-5 79
-5 76
-5 77
-4 77
-3 76
0 74
-1 75
-1 76
-3 76
-3 73
-5 71
-5 68
-2 71
0 69
-3 68
-2 69
1 66
-2 68
0 69
0 67
0 67
2 65
3 64
2 65
1 68
0 67
-3 70
-2 68
-2 68
1 67
-1 66
1 68
1 68
3 71
5 69
4 66
7 69
8 69
8 69
6 71
3 70
0 71
2 68
1 65
1 66
0 67
0 67
0 68
-3 68
-5 66
-5 68
-3 68
-3 69
-5 72
-6 69
-6 68
-6 71
-7 74
-7 77
-9 75
-11 76
-11 79
-12 76
-15 75
-16 75
-19 78
-21 77
-18 77
-15 80
-12 80
-11 82
-14 80
-11 79
-11 77
-10 75
-10 77
-7 77
-10 74
-10 73
-12 75
-13 78
-14 79
-16 78
-14 77
-13 76
-13 73
-13 73
-15 74
-15 72
-15 69
-15 68
-12 68
-14 68
-17 68
-19 71
-18 69
-18 66
-21 67
-21 67
-21 67
-23 69
-25 72
-24 70
-26 69
-27 69
-27 71
-25 71
-23 71
-23 74
-26 77
-29 76
-27 78
-25 77
-24 75
-22 77
-22 77
-23 75
-24 74
-23 77
-26 75
-26 75
-25 73
-28 71
-30 72
-31 71
-31 71
-29 73
-26 74
-24 74
-25 75
-27 75
-27 73
-24 76
-25 76
-22 76
-22 78
-23 78
-20 78
-22 78
-20 81
-20 84
-22 86
-22 83
-22 82
-23 84
-23 86
-23 84
-24 83
-24 86
-25 85
-25 84
-23 87
-25 87
-24 84
-24 86
-27 86
-29 87
-29 89
-28 86
-26 83
-29 83
-30 83
-31 83
-33 80
-30 78
-31 78
-31 77
-30 76
-30 76
-30 76
-30 73
-31 75
-33 77
-36 80
-36 77
-37 79
-34 80
-36 80
-35 79
-35 78
-36 76
-39 76
-42 75
-42 73
-44 76
-47 73
-50 73
-47 74
-48 74
-45 76
-44 73
-45 76
-47 74
-47 73
-44 74
-41 76
-42 76
-41 74
-41 73
-41 76
-39 74
-36 71
-37 71
-39 68
-42 68
-39 71
-37 73
-36 71
-33 73
-35 73
-35 72
-37 72
-37 75
-34 74
-37 74
-37 71
-36 71
-36 72
-37 72
-35 74
-35 74
-35 75
-34 76
-33 78
-36 81
-35 82
-35 81
-33 81
-35 80
-37 83
-39 86
-38 86
-36 88
-37 88
-37 88
-39 86
-42 86
-40 85
-42 85
-45 85
-47 87
-46 84
-44 83
-42 82
-40 85
-42 84
-40 83
-43 80
-41 80
-44 82
-46 82
-43 82
-43 82
-43 85
-45 87
-44 87
-41 89
-40 92
-37 92
-34 92
-35 92
-33 94
-35 91
-36 88
-35 87
-33 87
-31 85
-31 85
-31 88
-33 90
-32 90
-35 89
-32 88
-34 87
-32 90
-31 90
-28 89
-31 89
-31 90
-31 89
-29 87
-28 88
-27 89
-29 88
-32 90
-34 87
-37 85
-35 85
-36 85
-36 85
-35 84
-38 81
-35 83
-34 80
-33 82
-30 81
-28 83
-29 86
-31 89
-30 89
-29 89
-27 88
-24 85
-22 85
-25 87
-27 86
-26 89
-24 87
-22 89
-25 88
-25 91
-28 89
-28 86
-26 89
-24 90
-24 89
-23 91
-25 90
-24 90
-27 92
-29 92
-29 92
-30 91
-28 91
-31 89
-33 89
-35 89
-35 90
-36 88
-33 88
-34 85
-34 88
-34 88
-34 85
-31 85
-31 83
-32 81
-32 81
-35 83
-37 80
-34 79
-32 79
-35 79
-36 78
-35 80
-35 77
-37 77
-37 74
-36 73
-35 75
-38 75
-37 78
-39 75
-39 76
-36 79
-33 79
-35 79
-33 81
-31 81
-28 84
-25 85
-22 82
-24 82
-26 83
-27 85
-27 88
-28 88
-28 86
-26 86
-25 85
-22 85
-22 83
-19 80
-22 78
-22 75
-20 78
-20 81
-22 83
-21 82
-18 82
-18 79
-21 77
-18 74
-15 76
-15 76
-17 78
-17 78
-15 76
-18 77
-18 80
-17 82
-18 82
-18 84
-19 83
-17 82
-15 82
-14 85
-17 83
-15 85
-13 86
-14 86
-14 86
-13 86
-14 89
-16 92
-18 90
-18 89
-19 86
-17 83
-16 80
-18 80
-17 83
-18 86
-15 86
-16 86
-14 86
-14 86
-16 85
-16 82
-16 79
-19 78
-20 75
-22 72
-20 72
-17 73
-19 71
-19 74
-19 77
-22 79
-22 82
-20 84
-23 82
-21 79
-22 77
-20 79
-20 76
-23 74
-23 73
-21 72
-24 74
-21 72
-21 70
-20 68
-19 68
-18 69
-20 69
-22 69
-21 68
-24 70
-23 68
-21 69
-20 71
-21 74
-21 73
-20 76
-19 74
-20 77
-22 76
-21 75
-19 75
-19 75
-19 78
-19 79
-22 81
-19 80
-18 77
-19 74
-17 76
-15 76
-14 79
-17 79
-20 76
-21 79
-21 78
-18 81
-21 82
-24 80
-27 80
-26 78
-25 78
-26 75
-24 77
-27 76
-27 76
-25 76
-27 78
-30 77
-28 74
-27 77
-27 79
-27 80
-26 77
-26 77
-24 78
-25 81
-26 81
-27 80
-27 82
-24 80
-27 77
-27 80
-27 77
-29 78
-31 81
-34 84
-34 83
-34 85
-34 82
-31 80
-29 79
-32 76
-33 77
-34 75
-32 75
-30 72
-28 72
-29 69
-31 70
-28 69
-30 71
-27 73
-27 75
-29 72
-26 73
-24 76
-21 78
-21 81
-22 81
-25 84
-24 84
-21 84
-20 86
-19 84
-20 85
-23 84
-20 86
-22 85
-23 86
-26 83
-23 83
-21 83
-21 82
-18 85
-16 86
-19 86
-18 87
-15 88
-13 85
-16 85
-17 82
-15 82
-15 85
-15 85
-12 84
-10 84
-10 83
-12 83
-10 81
-11 83
-11 83
-13 83
-14 83
-12 82
-9 82
-9 79
-10 77
-10 74
-8 76
-7 78
-9 76
-9 76
-10 76
-10 76
-9 76
-7 76
-4 76
-4 76
-6 76
-6 76
-6 76
-9 76
-11 73
-11 71
-10 68
-10 71
-9 69
-8 66
-5 66
-6 66
-6 69
-5 66
-3 65
-3 65
0 63
0 63
-2 64
-3 62
-3 63
-5 63
-5 65
-7 64
-8 67
-8 69
-10 67
-10 64
-10 65
-7 64
-8 65
-11 68
-12 66
-10 68
-11 68
-9 71
-7 72
-7 74
-7 72
-9 70
-10 69
-8 70
-7 72
-9 74
-10 74
-10 76
-8 77
-9 79
-9 79
-6 80
-5 80
-4 80
-5 77
-8 74
-9 74
-8 72
-6 73
-8 76
-9 79
-12 79
-10 79
-13 79
-16 79
-17 79
-20 77
-23 80
-22 78
-25 78
-25 81
-27 81
-25 84
-28 87
-25 84
-27 83
-28 82
-30 79
-27 77
-26 76
-26 76
-26 78
-23 75
-21 76
-23 77
-23 77
-23 77
-20 78
-20 78
-17 81
-19 84
-16 81
-14 79
-14 79
-16 77
-17 78
-19 76
-21 76
-24 77
-27 75
-24 78
-27 78
-26 80
-29 81
-32 83
-34 81
-34 81
-34 81
-34 81
-33 83
-34 83
-34 84
-33 83
-31 84
-32 85
-29 88
-30 87
-31 90
-29 87
-28 88
-30 85
-33 86
-33 88
-36 87
-38 87
-38 90
-38 93
-40 94
-39 96
-38 94
-36 97
-35 97
-35 95
-36 97
-36 97
-34 98
-36 97
-33 97
-33 100
-32 100
-33 99
-34 99
-35 96
-37 96
-38 95
-36 92
-35 94
-37 94
-34 94
-34 94
-31 94
-29 94
-31 94
-29 92
-28 92
-29 93
-28 93
-30 93
-32 91
-33 94
-34 95
-32 98
-32 95
-34 95
-37 95
-35 93
-37 92
-37 95
-40 96
-43 96
-41 96
-41 97
-42 97
-43 97
-46 99
-43 100
-46 97
-45 100
-42 100
-42 100
-45 99
-47 99
-46 99
-47 98
-47 98
-44 96
-44 97
-45 97
-43 95
-45 92
-46 89
-43 89
-44 86
-46 88
-46 87
-45 84
-45 84
-46 83
-48 83
-47 86
-44 86
-46 83
-44 83
-42 86
-45 88
-42 86
-42 89
-44 87
-47 87
-49 86
-49 88
-49 86
-47 86
-44 84
-47 86
-44 85
-46 83
-43 83
-41 83
-41 81
-42 84
-40 85
-37 88
-34 85
-36 82
-35 82
-33 84
-31 84
-31 87
-34 84
-35 86
-35 84
-36 82
-39 81
-41 79
-43 79
-43 77
-46 77
-49 79
-52 78
-54 75
-56 73
-56 76
-53 74
-50 71
-48 68
-45 71
-48 68
-49 65
-48 66
-46 64
-44 62
-41 59
-44 61
-44 63
-46 62
-43 61
-41 61
-44 62
-46 62
-43 62
-46 59
-44 61
-43 61
-45 63
-42 62
-45 59
-46 62
-49 63
-47 60
-48 60
-48 58
-48 59
-48 57
-46 58
-46 59
-49 62
-52 59
-53 62
-51 62
-54 60
-56 60
-55 58
-53 59
-50 58
-47 57
-50 60
-47 62
-48 60
-47 57
-49 54
-48 52
-48 52
-46 54
-48 53
-49 53
-50 53
-49 56
-46 59
-48 60
-48 63
-45 65
-46 65
-44 64
-44 63
-45 63
-42 61
-42 59
-41 57
-38 57
-36 58
-33 61
-33 61
-35 63
-37 62
-37 64
-35 66
-33 64
-33 67
-36 68
-39 70
-42 70
-42 67
-44 64
-41 66
-44 69
-44 67
-47 65
-44 64
-45 64
-47 65
-45 67
-44 64
-41 62
-41 65
-44 62
-46 62
-46 62
-44 64
-41 66
-43 66
-41 67
-39 68
-36 67
-33 67
-36 65
-34 67
-35 66
-35 65
-38 67
-39 66
-37 64
-39 64
-36 64
-37 62
-39 60
-38 63
-41 65
-41 67
-41 70
-41 69
-41 72
-44 71
-44 71
-47 72
-49 73
-51 73
-54 73
-51 74
-49 71
-49 71
-46 72
-47 72
-44 72
-44 72
-45 71
-44 74
-44 74
-44 72
-43 69
-43 72
-40 73
-37 72
-35 70
-34 70
-32 72
-32 69
-32 66
-30 64
-31 64
-31 64
-31 61
-33 64
-35 65
-37 65
-37 67
-36 65
-39 62
-38 62
-39 65
-42 66
-40 67
-40 68
-43 70
-40 72
-38 73
-38 74
-37 74
-36 73
-39 75
-38 75
-35 75
-37 78
-36 77
-36 77
-38 77
-39 74
-39 71
-38 74
-38 74
-39 74
-37 73
-36 73
-38 74
-38 74
-36 76
-36 74
-36 75
-36 74
-34 77
-34 79
-33 78
-32 81
-31 80
-28 80
-27 81
-27 78
-27 79
-24 80
-23 79
-26 79
-26 80
-26 81
-23 84
-20 85
-18 84
-18 82
-15 83
-16 83
-16 85
-15 87
-15 89
-12 89
-13 89
-15 89
-17 90
-17 93
-17 93
-16 91
-17 91
-15 94
-15 92
-16 89
-16 90
-15 87
-17 90
-17 91
-16 88
-14 91
-15 88
-14 88
-12 89
-11 86
-11 83
-13 83
-15 83
-13 85
-14 88
-16 90
-16 90
-18 90
-16 90
-13 87
-12 84
-9 87
-12 85
-12 86
-13 86
-11 86
-9 88
-9 88
-7 87
-10 90
-10 93
-10 95
-8 95
-8 98
-7 98
-10 97
-10 100
-10 99
-10 99
-9 99
-11 100
-11 100
-13 100
-15 100
-15 100
-15 98
-13 100
-16 100
-19 98
-16 100
-13 100
-13 98
-14 100
-13 100
-16 98
-14 99
-12 100
-9 100
-10 100
-9 100
-9 100
-11 100
-14 97
-12 97
-14 98
-12 98
-12 98
-10 98
-11 96
-14 97
-15 100
-18 100
-17 100
-19 100
-16 100
-17 98
-17 95
-18 95
-16 93
-18 92
-18 89
-19 89
-16 92
-16 92
-16 91
-18 91
-16 91
-17 91
-15 90
-13 87
-10 87
-11 86
-9 84
-9 84
-9 85
-7 85
-7 85
-9 86
-9 88
-7 87
-6 87
-4 87
-3 86
-3 88
-1 85
2 86
4 85
6 86
4 86
4 85
5 85
2 84
2 83
5 80
4 80
5 80
4 78
6 80
3 79
0 78
1 78
1 78
1 79
1 82
0 84
0 84
0 82
-1 85
-2 87
-2 84
-2 81
-1 80
2 80
-1 82
-1 83
-1 81
-3 80
-5 81
-5 82
-7 80
-4 80
-3 80
-1 80
2 77
4 80
2 79
3 79
1 76
0 77
0 80
-3 81
-3 82
-1 81
0 81
-3 81
-2 78
-2 77
1 75
4 76
6 76
7 79
6 79
5 81
2 78
2 76
0 74
1 74
3 75
3 74
3 74
3 74
3 72
0 74
-1 76
1 78
-1 75
2 78
1 79
1 76
2 76
5 79
5 77
6 80
3 83
2 83
5 81
5 83
5 81
5 83
5 80
5 77
7 77
10 79
11 79
10 76
13 73
13 76
13 76
13 74
11 71
10 71
10 72
13 71
12 71
11 69
11 71
11 68
8 70
10 69
9 69
10 66
8 66
5 69
5 69
7 69
8 69
5 67
6 65
6 62
8 62
8 60
8 58
11 61
11 59
11 59
14 57
14 54
16 52
18 55
18 54
16 55
17 57
17 58
15 57
15 57
15 56
14 55
14 55
13 52
16 52
16 50
16 48
15 45
13 47
15 49
16 49
17 52
18 49
15 46
14 47
11 45
8 45
9 45
7 45
8 43
7 40
10 40
13 43
12 41
15 41
16 41
13 42
10 42
12 41
10 40
10 43
10 46
12 46
12 49
12 50
12 49
11 49
11 50
13 52
13 52
13 49
13 46
14 49
11 49
11 49
13 51
16 48
16 45
14 43
12 42
15 42
14 45
15 47
15 49
17 47
18 44
15 44
16 45
16 42
14 41
12 43
14 46
17 46
20 49
18 47
20 50
18 49
17 48
18 51
15 54
13 54
14 55
13 58
13 55
13 55
16 55
17 54
17 51
17 54
17 51
14 54
14 54
16 57
16 54
14 54
14 54
14 54
17 52
18 49
16 49
16 52
16 52
15 51
15 51
16 48
13 46
14 48
16 47
18 44
16 44
16 44
16 44
17 43
15 40
14 39
13 38
12 38
14 41
13 44
13 47
10 48
8 47
8 45
7 43
10 44
12 45
15 46
12 49
12 49
12 49
13 49
15 50
17 48
17 46
15 49
13 46
15 45
18 45
16 46
16 44
17 44
17 45
17 42
15 40
16 41
14 40
14 39
13 38
13 40
15 40
12 40
14 42
13 39
11 37
9 37
10 35
9 34
7 32
9 35
9 34
7 37
10 38
10 35
9 34
9 34
11 36
8 33
7 34
8 33
7 33
9 35
8 37
5 34
6 33
4 34
2 34
4 37
7 37
4 37
1 38
3 41
6 41
6 41
3 44
1 42
0 44
3 45
0 44
-2 41
-2 42
-5 43
-2 45
-5 45
-6 45
-8 47
-7 47
-5 47
-2 48
-5 46
-2 47
-5 47
-6 44
-5 46
-4 46
-1 47
-2 47
-3 49
-6 49
-6 46
-4 43
-2 44
0 46
3 44
5 46
8 44
10 46
10 46
13 46
16 46
16 44
19 44
16 41
13 41
14 40
15 40
14 41
14 39
13 40
13 42
10 40
10 40
10 40
7 38
7 38
8 38
10 37
11 38
14 39
12 40
14 42
15 40
18 43
15 42
13 40
11 40
9 42
8 45
8 45
6 46
9 46
8 45
5 43
8 40
8 37
7 34
5 37
4 39
4 40
5 41
7 41
7 38
8 36
5 36
2 37
3 38
4 38
3 39
6 39
8 42
8 42
7 44
7 47
7 44
10 47
7 44
8 45
8 45
10 46
11 48
12 49
14 49
12 46
13 47
12 46
11 47
9 46
11 49
12 46
11 43
10 43
12 46
15 48
12 51
11 51
11 49
10 48
7 48
8 46
10 46
8 47
9 48
6 46
9 44
9 42
11 39
12 39
14 39
12 37
12 40
12 37
12 37
12 37
11 36
11 36
11 36
10 35
12 37
9 34
6 31
3 30
3 32
4 33
2 36
4 38
3 39
3 38
3 35
4 32
6 33
3 31
4 29
1 30
4 30
2 27
1 26
1 26
-1 28
-3 27
-6 30
-9 28
-7 28
-7 25
-8 25
-9 24
-10 23
-12 23
-10 22
-10 21
-11 21
-10 19
-13 18
-10 16
-12 13
-12 13
-12 15
-15 16
-15 17
-13 18
-10 16
-10 16
-10 16
-10 17
-11 15
-14 15
-14 17
-13 19
-16 21
-15 21
-14 24
-12 24
-10 23
-8 23
-11 23
-13 21
-12 24
-13 23
-13 23
-13 25
-15 25
-14 23
-17 25
-14 24
-14 25
-13 23
-11 23
-11 25
-10 28
-7 31
-4 31
-6 33
-6 33
-7 36
-8 38
-11 41
-8 41
-10 40
-13 37
-10 40
-9 39
-9 42
-7 40
-7 41
-7 39
-10 40
-7 42
-7 39
-10 39
-13 39
-11 40
-10 43
-10 45
-11 42
-14 40
-11 39
-9 39
-7 39
-7 37
-10 34
-10 36
-9 33
-9 35
-9 38
-12 37
-11 37
-11 39
-12 36
-14 38
-11 38
-11 36
-11 33
-12 36
-15 35
-13 35
-13 36
-13 36
-15 36
-14 39
-11 41
-11 38
-11 39
-14 40
-14 37
-15 40
-12 38
-10 38
-11 38
-11 39
-13 38
-14 38
-14 40
-15 40
-13 39
-10 41
-9 43
-10 43
-7 44
-5 45
-3 43
-4 42
-6 44
-6 44
-6 42
-3 42
-6 41
-6 42
-9 45
-6 47
-6 49
-5 47
-3 47
0 45
0 45
-1 42
-3 43
-4 45
-4 42
-7 43
-5 41
-5 42
-5 42
-4 45
-5 42
-3 43
-4 41
-3 41
-4 38
-3 39
0 36
2 38
2 35
0 35
0 32
-2 32
0 34
0 31
-3 34
-2 34
-1 34
-2 36
-3 34
-3 34
-5 35
-6 37
-4 39
-1 36
1 35
4 32
7 35
4 35
5 33
3 36
3 34
0 33
-3 30
-3 30
0 29
-1 30
2 27
1 26
-2 25
-2 23
-5 20
-5 20
-7 18
-10 20
-7 22
-7 21
-6 21
-6 22
-6 19
-7 19
-7 18
-7 18
-7 18
-8 19
-6 22
-3 24
-3 24
-6 21
-5 20
-4 22
-7 21
-10 21
-13 23
-16 25
-15 23
-14 25
-14 28
-14 29
-17 28
-19 31
-19 31
-21 31
-23 32
-26 32
-26 32
-23 32
-25 32
-27 31
-26 28
-24 29
-27 30
-24 29
-22 31
-20 34
-17 32
-17 29
-18 31
-17 31
-16 30
-18 32
-19 34
-20 37
-17 35
-19 32
-20 32
-18 31
-18 28
-19 26
-17 26
-18 29
-16 27
-18 27
-18 30
-19 29
-19 30
-22 31
-21 31
-22 28
-22 28
-25 25
-25 24
-23 21
-23 22
-23 22
-25 21
-26 21
-26 19
-27 16
-25 19
-23 19
-24 18
-24 21
-24 20
-23 19
-25 17
-25 16
-26 17
-26 20
-24 22
-21 22
-21 25
-22 28
-22 29
-22 29
-19 26
-22 26
-21 25
-19 23
-18 25
-17 26
-17 29
-19 29
-18 30
-17 30
-17 30
-14 32
-14 32
-16 32
-18 32
-18 34
-20 31
-19 34
-22 34
-22 36
-23 39
-21 42
-21 42
-21 41
-18 40
-18 43
-15 42
-15 41
-15 41
-12 43
-12 46
-13 44
-13 47
-13 45
-13 43
-10 43
-10 46
-10 44
-8 45
-11 45
-12 45
-14 45
-13 46
-12 48
-14 48
-15 50
-15 49
-12 52
-13 54
-16 54
-16 53
-18 53
-17 50
-14 47
-14 46
-17 46
-18 49
-16 51
-18 52
-15 51
-13 51
-13 51
-15 48
-16 50
-16 50
-19 47
-17 49
-14 48
-15 45
-17 44
-17 43
-14 41
-11 43
-9 45
-11 44
-13 43
-14 40
-11 43
-8 44
-5 41
-3 38
-3 35
-6 35
-6 34
-9 36
-10 35
-8 35
-8 36
-8 36
-5 39
-5 39
-6 36
-3 38
0 38
-3 40
-6 39
-8 38
-7 37
-9 38
-8 37
-8 36
-6 39
-9 36
-7 38
-7 39
-7 37
-8 34
-8 31
-5 30
-5 28
-3 25
0 26
-1 24
0 25
-2 23
-5 20
-8 17
-10 19
-8 17
-9 16
-11 19
-13 16
-13 18
-12 18
-14 15
-13 17
-16 17
-13 19
-10 22
-9 19
-8 17
-6 20
-4 21
-7 18
-8 18
-11 17
-14 17
-15 18
-17 18
-19 20
-19 19
-22 19
-24 19
-24 17
-27 17
-27 19
-27 21
-28 22
-31 25
-29 24
-27 22
-24 25
-21 25
-21 26
-24 28
-27 25
-27 22
-28 25
-27 22
-25 20
-23 21
-26 18
-28 20
-29 20
-26 20
-25 21
-27 21
-24 18
-23 17
-23 15
-21 18
-23 19
-20 19
-21 19
-19 22
-20 21
-23 20
-23 19
-26 18
-24 19
-25 18
-25 21
-25 20
-28 20
-30 21
-31 19
-31 19
-30 19
-30 18
-30 21
-29 23
-29 24
-29 24
-28 23
-30 23
-27 26
-29 24
-29 27
-28 25
-29 28
-30 28
-32 26
-33 25
-33 23
-32 24
-31 27
-28 27
-31 29
-33 29
-31 27
-31 30
-30 33
-29 35
-28 35
-29 33
-26 36
-29 39
-29 38
-29 39
-29 38
-26 37
-28 38
-28 35
-28 37
-28 40
-28 42
-28 41
-25 42
-28 40
-26 38
-29 36
-28 37
-28 39
-26 40
-28 39
-29 38
-30 39
-33 39
-33 39
-33 42
-33 41
-30 44
-30 42
-28 42
-28 43
-28 41
-25 39
-24 40
-27 40
-26 37
-28 36
-26 33
-27 33
-28 34
-26 36
-24 37
-22 34
-20 33
-21 33
-19 34
-22 35
-19 35
-22 36
-21 38
-22 36
-23 38
-24 38
-24 41
-21 38
-21 38
-24 35
-24 34
-24 35
-26 36
-28 37
-26 37
-25 40
-27 40
-26 40
-25 39
-27 39
-26 36
-23 39
-26 39
-25 37
-25 37
-27 37
-24 40
-24 37
-21 40
-22 41
-25 41
-27 43
-25 42
-26 44
-28 46
-27 45
-29 44
-26 43
-24 46
-24 46
-24 48
-24 48
-22 46
-20 46
-20 48
-22 50
-23 48
-24 48
-26 48
-27 47
-27 47
-30 45
-30 46
-32 43
-30 43
-27 44
-27 46
-27 46
-25 49
-28 49
-30 46
-32 44
-35 43
-32 42
-29 42
-32 40
-34 40
-31 43
-33 40
-33 41
-30 43
-30 40
-28 43
-28 43
-25 45
-22 46
-22 48
-21 49
-23 51
-20 53
-19 51
-22 51
-21 50
-19 53
-18 50
-18 48
-18 50
-18 50
-18 52
-19 55
-19 57
-20 58
-20 60
-23 60
-24 61
-26 58
-29 56
-31 55
-32 54
-32 56
-32 56
-34 59
-36 62
-34 61
-36 59
-38 57
-40 57
-42 57
-39 57
-36 60
-37 61
-37 61
-35 64
-35 62
-36 61
-36 59
-36 61
-36 61
-36 58
-39 57
-41 57
-42 57
-43 57
-45 54
-45 57
-47 58
-49 55
-49 55
-50 53
-50 55
-52 55
-49 54
-50 51
-50 51
-53 48
-56 49
-57 49
-60 51
-60 50
-60 48
-61 48
-58 51
-55 54
-52 57
-50 59
-53 57
-56 57
-57 60
-55 60
-58 60
-61 62
-60 62
-58 63
-55 63
-55 63
-56 64
-54 67
-51 68
-50 68
-51 71
-53 71
-52 72
-53 71
-54 73
-54 73
-54 70
-57 68
-55 71
-58 71
-60 72
-60 72
-61 75
-60 78
-59 80
-59 83
-58 85
-58 85
-59 85
-59 85
-59 82
-56 83
-56 85
-56 82
-55 80
-56 81
-53 83
-52 85
-55 85
-58 86
-55 83
-58 80
-58 80
-56 82
-56 79
-56 80
-57 79
-59 79
-61 80
-62 82
-59 83
-62 86
-62 83
-65 85
-65 83
-68 84
-65 84
-62 83
-63 86
-63 87
-61 85
-61 85
-59 87
-61 87
-64 84
-64 87
-64 84
-66 87
-64 84
-63 87
-60 84
-57 82
-58 82
-61 81
-60 81
-60 82
-58 82
-58 82
-58 79
-56 77
-59 76
-57 78
-57 78
-59 78
-59 81
-59 83
-60 80
-60 79
-62 79
-62 77
-62 79
-62 79
-63 78
-64 79
-62 76
-59 78
-61 81
-59 83
-60 82
-58 85
-58 88
-58 86
-60 89
-59 91
-57 88
-59 89
-58 92
-58 95
-56 98
-53 97
-55 100
-56 97
-59 97
-57 97
-55 95
-52 95
-49 93
-49 93
-48 90
-51 90
-51 88
-51 90
-52 90
-51 89
-53 89
-55 91
-55 88
-58 90
-56 91
-58 94
-57 91
-57 93
-57 93
-56 93
-59 95
-61 92
-60 91
-57 91
-54 91
-57 91
-56 91
-55 91
-54 93
-56 96
-55 97
-55 97
-58 94
-60 96
-60 93
-58 91
-55 89
-54 90
-53 93
-50 93
-49 93
